-1.65888
-1.56149
-1.85622
-1.89668
-1.98203
-1.92705
-1.53079
-1.42957
-1.80603
-1.69203
-1.68573
-1.36725
-1.8518
-1.45521
-1.83247
-1.5678
-1.72405
-2.08132
-1.65739
-1.53539
-1.8208
-1.9619
-1.58528
-1.29741
-2.03141
-1.62167
-1.66265
-1.77802
-1.86636
-1.82874
-2.35496
-1.45719
-1.56827
-1.69154
-1.55613
-1.62943
-1.58982
-1.94507
-2.03812
-1.87213
-1.98149
-1.4487
-1.67991
-1.76308
-1.75396
-1.80685
-1.41304
-1.8772
-1.57785
-2.08251
-1.51002
-1.49197
-1.63647
-1.84337
-1.68121
-1.6368
-1.8401
-1.55948
-2.19449
-1.75023
-1.33792
-1.798
-1.88359
-1.81706
-1.75658
-1.72822
-1.74322
-1.59515
-1.73487
-1.79165
-1.5036
-1.72584
-1.70632
-1.97327
-1.49371
-1.78499
-1.73317
-1.86871
-1.87213
-1.62031
-2.04063
-1.76104
-1.26705
-1.87731
-1.39847
-1.78706
-1.5568
-1.53765
-1.78996
-1.685
-1.75425
-1.59951
-1.71784
-1.69557
-1.78366
-2.15197
-2.00316
-1.60469
-1.62822
-1.61595
-1.39449
-1.90101
-1.80741
-1.77349
-1.87525
-1.67993
-1.53063
-1.48475
-1.90029
-2.18539
-1.68737
-1.57157
-1.90349
-1.36141
-1.38225
-1.73467
-1.63741
-1.66954
-1.63448
-1.68631
-1.4279
-1.3926
-1.85036
-1.61373
-1.78007
-1.75643
-1.77476
-1.42772
-1.55621
-2.0085
-1.71662
-1.70868
-1.74459
-1.73946
-1.62695
-1.98355
-1.70667
-1.70253
-1.37655
-1.82022
-1.81849
-1.78464
-1.79621
-1.46332
-1.6503
-1.73993
-1.67878
-1.51541
-2.17866
-1.84142
-1.90858
-1.81085
-1.28038
-1.75179
-1.55842
-1.75351
-1.66725
-2.06932
-1.60027
-1.92992
-1.68038
-1.7588
-2.00012
-1.91583
-1.51048
-1.75812
-1.69799
-1.80747
-1.68329
-1.5854
-1.66588
-1.49675
-1.55483
-1.65692
-1.88693
-2.08716
-1.87666
-1.85507
-1.4817
-1.78952
-1.562
-1.62387
-1.59358
-1.70683
-1.99263
-1.71803
-1.82561
-1.85056
-1.3706
-1.73984
-1.82754
-1.90333
-1.48892
-1.66112
-1.86166
-1.8762
-1.61091
-1.68457
-1.42082
-1.5212
-2.13761
-1.71432
-1.68267
-1.83406
-1.66259
-1.57212
-1.46542
-2.07192
-1.52369
-1.91696
-1.65998
-1.42379
-1.92723
-1.75873
-1.77522
-1.79016
-1.899
-1.66604
-1.77278
-1.61274
-1.63786
-1.93218
-1.88455
-1.71513
-1.40731
-1.92758
-1.43025
-1.59117
-1.86515
-1.95504
-1.54137
-1.66211
-1.59458
-1.66432
-1.51152
-1.87733
-1.92223
-1.72169
-1.813
-1.45906
-1.52275
-2.01218
-1.79348
-1.74585
-1.73993
-1.7906
-1.61604
-1.46937
-1.78113
-1.64911
-1.90739
-1.94406
-1.56491
-1.31817
-1.69325
-1.73603
-1.64749
-1.84088
-1.56639
-1.30343
-1.71447
-1.61042
-1.55795
-1.64776
-1.64888
-1.92206
-1.92073
-1.89856
-1.39516
-1.73402
-1.72793
-1.35523
-1.68336
-1.50899
-1.60261
-2.07441
-1.44731
-1.76965
-1.44636
-1.7934
-1.50708
-1.77106
-1.79385
-1.55702
-1.75818
-1.70242
-2.03087
-1.5629
-1.60263
-1.98672
-1.58904
-1.78846
-2.04508
-1.72245
-1.78067
-1.8513
-1.71596
-1.78336
-1.91986
-1.49016
-1.84075
-1.65485
-1.52463
-1.96255
-1.48397
-1.85955
-1.37138
-1.62508
-1.75768
-1.65461
-2.19909
-1.67653
-1.62752
-1.588
-1.75415
-1.99167
-1.54966
-1.71606
-1.74637
-1.90551
-1.52906
-1.64127
-1.75317
-1.61964
-1.56527
-1.86688
-1.40574
-1.48383
-1.72065
-1.70603
-1.75046
-1.87575
-1.23939
-1.9365
-2.02073
-1.93391
-1.89281
-1.7058
-1.38097
-1.81523
-1.51331
-2.00396
-1.56343
-2.07068
-1.69908
-1.6907
-1.74849
-1.92909
-1.70587
-1.53775
-1.66114
-1.66934
-1.97143
-1.77346
-1.56086
-1.65926
-1.35849
-1.69582
-1.70696
-1.70345
-1.50176
-1.60073
-1.85405
-1.72204
-1.46474
-1.6492
-1.82752
-1.3952
-1.64565
-1.74413
-1.82409
-1.93227
-1.87688
-2.06165
-1.47672
-1.92586
-1.89748
-1.88096
-1.61616
-1.88501
-1.7434
-1.36768
-1.21181
-1.92377
-1.95159
-1.46581
-1.81837
-1.71569
-1.29128
-1.56375
-1.70442
-1.61772
-1.78119
-1.75323
-1.9308
-2.05599
-1.6727
-2.06933
-1.61163
-1.79878
-1.28809
-1.74624
-1.83905
-1.60428
-1.78439
-1.68678
-1.43134
-1.32937
-1.82653
-1.40763
-1.58508
-1.75674
-1.60785
-1.79346
-1.96276
-1.6852
-1.83401
-1.69783
-1.6654
-1.80722
-1.84852
-1.72287
-1.64659
-1.66317
-2.04312
-1.71189
-1.88942
-1.38968
-1.78822
-1.74031
-1.86443
-1.74421
-1.99828
-2.0399
-1.49616
-2.04484
-1.3488
-2.08701
-1.69013
-1.63404
-2.01081
-1.42509
-1.73704
-1.80296
-1.80477
-2.03394
-1.65303
-1.61914
-1.58215
-1.69663
-1.82061
-1.21473
-1.88171
-1.77331
-1.61919
-2.09369
-1.58387
-1.487
-1.76072
-1.72589
-1.74832
-1.58426
-1.94906
-1.61414
-1.60994
-1.39497
-1.85889
-1.58258
-1.75092
-1.67514
-1.74661
-1.84862
-2.06552
-1.6135
-1.50533
-1.70693
-1.7276
-1.78733
-1.73168
-1.69804
-1.70605
-1.67947
-1.99167
-1.70312
-1.73165
-1.50555
-1.30338
-1.98191
-1.80561
-1.54765
-1.81726
-1.46371
-1.50478
-1.60217
-1.59241
-1.62901
-1.73355
-1.44418
-1.78467
-1.39087
-1.40948
-1.49682
-1.74473
-1.36385
-1.71786
-1.86535
-1.60052
-1.6455
-2.06253
-2.02292
-1.9023
-1.83449
-1.65719
-1.74561
-1.58232
-2.28367
-2.18238
-1.69041
-1.97676
-1.65583
-1.59962
-1.75121
-1.37494
-1.76728
-1.85686
-1.6941
-2.00362
-1.46768
-1.61855
-1.68306
-1.60914
-1.91348
-1.76182
-1.96147
-2.03416
-1.74785
-1.78335
-1.27443
-1.61619
-2.05644
-1.43956
-1.58955
-1.2558
-1.63102
-1.83189
-1.15227
-1.71932
-1.8699
-1.4888
-1.48227
-1.3454
-2.06858
-1.63613
-1.99696
-1.94571
-1.95329
-1.66565
-1.34646
-1.69593
-1.68689
-1.54151
-2.16569
-1.71451
-2.08009
-1.8424
-1.39431
-1.73815
-1.52767
-1.79731
-1.73423
-2.06977
-1.76443
-1.66593
-1.7437
-2.05773
-1.52408
-1.45035
-1.68819
-1.86772
-1.38005
-1.65793
-1.80857
-1.936
-1.84826
-1.67795
-1.68361
-1.79696
-1.71941
-1.817
-1.71172
-1.86087
-1.83214
-1.66893
-1.4855
-1.76264
-1.94909
-1.37213
-1.50558
-1.83231
-1.90836
-1.76
-1.57237
-1.5112
-1.79231
-1.8988
-2.13501
-1.9077
-2.25354
-1.61262
-1.91335
-1.8634
-1.86201
-1.49011
-1.46002
-1.52596
-1.62783
-1.81848
-1.88022
-1.86069
-1.93082
-1.61161
-2.05666
-1.42348
-1.47525
-1.86822
-1.98303
-1.96375
-1.99411
-1.51105
-1.98891
-1.83299
-1.67872
-1.4672
-1.27021
-1.7913
-1.46661
-1.34753
-1.68067
-1.73649
-1.65115
-1.75702
-1.93553
-1.55636
-1.96307
-1.95994
-2.17422
-1.91969
-1.57592
-1.73302
-1.83287
-1.63682
-1.64268
-1.69045
-1.7368
-1.61766
-1.7212
-1.6521
-1.81675
-1.97405
-1.54704
-1.97658
-1.77289
-1.80386
-2.03402
-1.90204
-1.7224
-1.97583
-1.75507
-1.26827
-1.48727
-1.87118
-2.26014
-1.86758
-2.02277
-2.10071
-1.89322
-1.73474
-1.63762
-1.69333
-1.65373
-1.48004
-1.78922
-1.77603
-1.55787
-1.725
-1.63486
-1.90058
-1.83531
-1.88583
-1.19347
-1.6138
-1.89319
-1.47056
-2.03421
-1.65858
-1.76733
-1.54014
-1.5318
-1.53296
-1.64116
-1.85368
-1.82078
-1.92527
-2.01788
-1.57535
-1.56516
-1.64767
-1.83147
-1.70479
-1.82046
-1.53019
-2.13258
-1.41045
-1.62787
-2.11053
-1.91424
-1.86857
-1.70492
-1.70715
-1.54002
-1.74832
-1.71165
-1.70211
-1.83823
-1.37812
-1.45868
-1.60279
-1.97209
-1.59508
-2.11654
-1.4368
-1.72291
-1.55768
-1.73743
-1.91952
-1.49697
-1.98585
-1.82594
-1.78631
-1.65822
-1.72799
-1.44974
-1.73525
-1.25706
-2.06394
-1.82531
-1.92367
-1.6697
-1.92695
-1.74763
-1.96844
-1.59486
-1.89632
-1.86652
-1.73106
-1.71179
-1.57037
-1.76266
-1.64568
-1.64748
-1.48248
-1.51216
-1.86858
-1.21862
-2.07306
-1.6078
-1.82198
-1.69515
-1.93394
-1.66658
-1.93519
-2.05334
-1.67533
-2.05167
-1.69471
-1.62388
-1.827
-1.73942
-1.91193
-1.83558
-1.6779
-1.49134
-1.7191
-1.64312
-1.91653
-1.23107
-1.47842
-1.90181
-1.74559
-1.82875
-1.65116
-1.82384
-1.93279
-1.56729
-1.55429
-1.58091
-1.57014
-1.70875
-1.82666
-1.45822
-1.64479
-1.50194
-1.76617
-1.70254
-1.98159
-1.81251
-1.92755
-1.93287
-1.73538
-1.48532
-1.91461
-1.80959
-1.82676
-1.74528
-1.84142
-1.7011
-1.26176
-1.61262
-1.65177
-1.43441
-1.41502
-1.94972
-1.69976
-1.61663
-1.79602
-1.73009
-1.61467
-1.6822
-1.82655
-1.77559
-1.71367
-1.87875
-2.04502
-1.60295
-1.42217
-1.47204
-2.14046
-1.86994
-1.70912
-2.27861
-1.50013
-1.76332
-1.7159
-1.37214
-1.88249
-1.7087
-1.69845
-1.80956
-1.99755
-1.66432
-1.58457
-1.9752
-1.54666
-2.19503
-1.61714
-1.47755
-1.44813
-1.67082
-1.46574
-1.51031
-1.79716
-1.72749
-1.78484
-2.11512
-1.83736
-1.74542
-1.81561
-1.71777
-1.67598
-1.38692
-1.85065
-1.80748
-1.88984
-1.82168
-1.5647
-2.04647
-1.77053
-1.60373
-1.97091
-1.72511
-1.67139
-1.92103
-2.41009
-1.47934
-1.82082
-1.65507
-1.29932
-1.82085
-1.89672
-2.1828
-2.03834
-1.6684
-1.43354
-1.82158
-2.08512
-1.6243
-1.61462
-1.55765
-1.77338
-1.59582
-1.55934
-1.69758
-1.66997
-1.53227
-1.53939
-1.63576
-2.02262
-2.08517
-1.82263
-1.83833
-1.70485
-1.78272
-1.87333
-1.53508
-1.96937
-1.52857
-1.68878
-1.65762
-1.77579
-1.79239
-1.71727
-1.79436
-1.90837
-1.76511
-1.96774
-1.51021
-1.55458
-1.53871
-1.7235
-1.86924
-1.81587
-1.84351
-1.7518
-1.43658
-1.56285
-1.50926
-1.74206
-1.68619
-1.63888
-1.98968
-1.57298
-1.86775
-1.47132
-1.68036
-1.70953
-1.58474
-1.4731
-1.7371
-1.59051
-1.61654
-1.77744
-1.7941
-2.06709
-2.04586
-1.95864
-1.89772
-1.60942
-1.48835
-2.13926
-1.33004
-1.5115
-1.39778
-2.0372
-1.99078
-1.85989
-1.56059
-2.12189
-1.58683
-1.82805
-2.05799
-2.00048
-1.78806
-1.38974
-1.57235
-1.70995
-1.75407
-1.50011
-1.82929
-1.89291
-2.36965
-1.61725
-1.88137
-1.46803
-1.73132
-1.75197
-1.28953
-1.91854
-1.24966
-1.76193
-1.75759
-1.86032
-1.95968
-1.74501
-1.67224
-1.99094
-1.72422
-1.63335
-1.90155
-1.57112
-1.93659
-1.63225
-1.84855
-1.60465
-1.6349
-1.73017
-1.52804
-1.79236
-1.47811
-1.65039
-2.01828
-1.96112
-1.47105
-1.72767
-2.22953
-1.8472
-1.70906
-1.40929
-1.61012
-1.63409
-1.66218
-1.83225
-1.60009
-1.89304
-1.51077
-1.48501
-1.69471
-1.60635
-1.88498
-1.89723
-1.57201
-1.58545
-1.72039
-1.8984
-2.15744
-1.14336
-1.93975
-1.9058
-1.74792
-1.90182
-1.93808
-1.83015
-1.77245
-1.80527
-1.88437
-2.16487
-1.64598
-1.62327
-1.52206
-1.58949
-1.80444
-1.83822
-1.31613
-1.80378
-1.90341
-1.3868
-1.4535
-1.87832
-1.6584
-1.7884
-1.81833
-1.96029
-1.8048
-1.68803
-1.67541
-2.07209
-1.72184
-2.16518
-1.85623
-1.95467
-1.88224
-1.79928
-1.74709
-1.93721
-1.87797
-1.76775
-1.72629
-1.89244
-1.88553
-1.57978
-1.68278
-1.97265
-1.84058
-1.59346
-1.79839
-1.78546
-1.71503
-1.71894
-1.72573
-1.41015
-1.65524
-1.61906
-1.95783
-2.1995
-1.82423
-2.14173
-1.6266
-1.63847
-1.94445
-1.80703
-1.45986
-1.62213
-1.58505
-1.79364
-1.66647
-1.19166
-1.94706
-1.83952
-2.17632
-1.88259
-1.85671
-1.83664
-1.9604
-1.84378
-2.02687
-1.94425
-1.48096
-1.96556
-2.02711
-1.66488
-1.39298
-2.1446
-1.70036
-1.73409
-1.77832
-1.73609
-1.46034
-1.67802
-1.55312
-2.0692
-1.09912
-1.77169
-1.32681
-1.72049
-1.95244
-1.65922
-1.48994
-1.38856
-2.0005
-1.77289
-1.80773
-1.27879
-1.61173
-1.78015
-1.59109
-1.66441
-1.87929
-1.89405
-2.0222
-1.68153
-2.05819
-1.76351
-1.79685
-1.62351
-1.4827
-1.90066
-1.66708
-1.94423
-1.66513
-1.74976
-1.94508
-1.63652
-1.78005
-1.92594
-1.94758
-1.78201
-1.48239
-2.21535
-1.75901
-1.63615
-2.04667
-1.95647
-1.85955
-1.57397
-2.03771
-1.65583
-1.69767
-2.00421
-1.52076
-1.79235
-1.70458
-1.59598
-1.72228
-1.45524
-1.61601
-1.35227
-2.0542
-1.93584
-1.96952
-1.73559
-1.35358
-1.74568
-1.80219
-1.65809
-1.97114
-1.49866
-1.57805
-1.51044
-1.7332
-1.69968
-1.72895
-1.75065
-1.60473
-1.54769
-1.64932
-1.53409
-1.89424
-1.64232
-2.04301
-1.68644
-1.68426
-1.95045
-1.91915
-2.17179
-1.79695
-1.78989
-1.56293
-1.53407
-1.68714
-1.73847
-1.62415
-1.37434
-1.88275
-1.87165
-1.70451
-1.85924
-1.45474
-1.64611
-1.97354
-1.66071
-2.03515
-1.55226
-1.33585
-1.46518
-1.67023
-2.08661
-1.48735
-1.59771
-1.77954
-1.85599
-1.67452
-1.69
-1.69539
-1.76275
-1.96124
-2.30287
-1.61758
-1.49897
-1.34368
-1.47564
-1.87285
-1.67569
-1.84725
-1.6364
-1.29869
-1.88564
-1.67259
-1.42668
-1.7013
-1.68254
-1.58407
-2.0387
-1.80772
-1.48478
-1.67201
-1.9467
-2.09791
-1.49117
-2.31917
-1.46342
-1.81518
-1.70918
-1.89889
-1.66308
-1.86627
-1.90843
-1.6357
-1.54896
-1.98063
-1.9576
-1.46578
-1.84248
-1.67147
-1.74974
-1.4508
-1.75414
-1.56009
-1.80126
-1.55927
-1.66547
-1.47009
-1.5612
-1.39147
-1.70926
-1.87212
-2.02232
-2.02636
-2.10967
-1.37643
-2.0117
-1.73387
-1.88508
-1.58568
-1.75337
-1.88398
-1.70511
-1.59989
-1.75145
-2.06264
-2.06017
-1.51981
-1.60439
-1.72293
-1.62583
-1.46133
-1.77955
-1.71996
-1.67125
-1.51376
-1.97237
-1.75047
-1.55322
-1.4452
-1.95666
-1.99016
-1.89301
-1.47326
-2.01073
-1.46367
-1.82392
-1.89359
-1.48586
-1.67399
-1.45828
-1.85492
-1.47584
-1.76667
-1.71231
-1.69165
-1.78029
-1.7786
-1.81426
-1.65865
-1.89349
-1.98925
-1.49885
-1.96767
-1.43615
-1.55934
-1.73092
-1.86987
-1.67931
-1.59527
-1.95536
-1.94663
-1.97643
-1.57148
-1.58169
-1.85504
-1.56899
-1.40445
-2.01796
-1.99055
-1.58256
-1.64895
-1.9801
-1.81723
-1.2599
-2.01477
-1.66864
-1.61906
-1.56086
-1.90493
-1.85943
-1.69442
-1.54368
-1.78941
-1.6619
-1.60873
-1.49974
-1.87844
-2.13664
-1.71058
-1.59058
-1.71651
-1.497
-1.64156
-1.78368
-1.50989
-1.53713
-1.69895
-1.62029
-1.56373
-1.90189
-1.59569
-2.07744
-1.87575
-1.83042
-1.73496
-1.6385
-1.6016
-1.73535
-1.64115
-1.37102
-1.77696
-1.89799
-1.39282
-1.77837
-2.06026
-1.32402
-1.65009
-1.57295
-1.71291
-1.82253
-1.96168
-1.44855
-1.8198
-1.75356
-1.64808
-2.05639
-1.78335
-1.67432
-2.13827
-1.45137
-1.2961
-1.6586
-1.90114
-1.80596
-1.60683
-1.43291
-1.47349
-1.61808
-1.78391
-1.85511
-1.75058
-1.79008
-1.81904
-1.63242
-1.64859
-1.98192
-2.27867
-1.87472
-1.70789
-1.9035
-1.61836
-1.4639
-1.85053
-1.84596
-1.48041
-1.84235
-1.92111
-1.72361
-1.72652
-1.95539
-1.90495
-1.61931
-1.83436
-1.56512
-1.61426
-1.66987
-2.12184
-1.62412
-1.89335
-1.9115
-1.31421
-1.97855
-1.84699
-1.81031
-1.80542
-1.69677
-1.82345
-1.63906
-1.6251
-2.09637
-2.5232
-1.45494
-1.1265
-1.57672
-1.33936
-1.94143
-1.71721
-1.85139
-1.87651
-1.90873
-1.50979
-1.49734
-1.49873
-1.74358
-1.96407
-1.50602
-1.82506
-2.05664
-2.27642
-1.74939
-2.07779
-2.02556
-1.54644
-1.69842
-1.96539
-1.25684
-1.70757
-1.75652
-1.68977
-1.36281
-2.14324
-1.72885
-1.57931
-1.52384
-1.66827
-1.55469
-1.59098
-1.52068
-1.73726
-1.92673
-1.81689
-1.7976
-1.66987
-1.52209
-1.80539
-1.75139
-1.4989
-2.10997
-1.59497
-1.68285
-1.79865
-1.693
-1.8075
-1.55577
-1.7966
-1.45269
-1.86552
-1.22972
-1.69915
-1.6553
-1.92516
-1.8553
-1.9326
-1.63177
-2.10811
-1.52769
-1.6244
-1.50122
-2.04445
-1.60428
-1.86948
-2.11569
-1.85832
-1.96026
-1.89242
-1.7877
-1.40408
-1.47002
-1.76666
-1.69218
-1.75804
-1.59244
-1.75148
-1.69701
-2.11409
-1.61976
-1.30875
-1.9175
-1.9964
-1.9528
-1.46382
-1.68695
-1.62548
-1.85862
-1.52832
-1.57295
-1.52291
-1.38799
-1.32724
-1.33814
-1.24623
-1.50863
-1.69214
-1.94337
-1.78488
-1.68904
-1.82111
-1.38649
-1.69013
-1.39558
-1.54922
-1.87222
-1.82585
-1.8207
-1.77485
-1.43126
-1.41702
-1.6911
-1.5657
-2.09165
-1.65845
-1.6905
-1.46092
-1.74037
-1.67811
-1.60646
-1.73203
-1.52342
-1.83612
-1.78873
-1.89521
-1.7307
-1.73785
-1.63973
-1.46622
-1.53054
-1.43951
-1.55387
-1.97539
-1.48501
-1.80617
-1.82694
-1.90917
-2.01912
-1.5032
-1.82216
-1.93389
-1.32853
-1.58469
-1.85184
-2.05272
-1.77944
-1.5304
-1.62378
-1.86186
-1.80714
-1.87267
-1.60563
-1.72485
-1.67767
-1.83903
-1.73624
-1.8373
-1.57722
-1.90943
-1.74417
-1.3494
-2.14931
-1.66726
-1.69726
-1.63071
-1.78189
-1.81186
-1.75879
-1.47035
-1.42738
-1.73392
-1.83425
-1.62146
-1.61253
-1.70805
-1.38805
-1.77915
-1.79516
-2.19491
-2.01243
-2.08723
-1.80812
-1.70484
-1.5953
-1.75615
-1.71879
-1.30439
-1.71898
-1.88019
-1.9788
-1.84665
-1.8028
-1.73331
-1.64904
-2.25125
-1.83881
-1.92135
-1.45191
-2.14797
-1.57549
-1.52747
-2.06901
-1.94429
-1.57424
-1.65839
-1.56411
-2.01491
-1.47822
-1.80835
-1.78564
-1.84025
-1.84705
-1.80944
-1.24389
-1.85408
-1.67801
-1.62928
-1.32474
-2.062
-1.68748
-2.09348
-1.84665
-1.62461
-1.82958
-1.84873
-2.01286
-1.35478
-1.73586
-1.95322
-1.52042
-1.74146
-1.49129
-1.85416
-1.82996
-1.92214
-1.57474
-1.96118
-1.89278
-1.67978
-1.82078
-1.92385
-1.80702
-1.88616
-1.85613
-1.70441
-1.66048
-2.293
-1.72027
-1.52355
-1.42903
-1.74695
-1.57211
-1.39432
-1.96359
-1.73804
-1.62396
-1.694
-1.91734
-1.62605
-1.46633
-1.82633
-1.29147
-1.68657
-1.70354
-1.54056
-1.78398
-1.34868
-1.82011
-1.68315
-1.90781
-1.30375
-1.96229
-1.7061
-1.82085
-1.67192
-1.8804
-1.78176
-1.5464
-1.94571
-1.83917
-1.1811
-2.03031
-1.87205
-1.97306
-1.86966
-1.60604
-2.07905
-2.04603
-1.58719
-2.08738
-1.91672
-2.07952
-1.55362
-1.89946
-1.54104
-2.03313
-1.63763
-1.52869
-1.77135
-1.82408
-1.83964
-1.84038
-1.37157
-1.76113
-1.95363
-1.93203
-2.13314
-1.78198
-1.90872
-1.91478
-1.70102
-2.08565
-1.58878
-2.00566
-1.67459
-1.92051
-1.71797
-1.75885
-1.41116
-1.95184
-1.53532
-1.5374
-1.73852
-1.94499
-1.85655
-1.7754
-1.33454
-1.99678
-1.40706
-1.76302
-1.6042
-1.48333
-1.95649
-1.35228
-1.66805
-1.60784
-1.87231
-1.59452
-1.55614
-1.84669
-1.66805
-1.72574
-1.67332
-1.42093
-1.54243
-1.25974
-1.59755
-1.73749
-1.83347
-1.60689
-1.92076
-1.74357
-1.79863
-1.78636
-1.32314
-1.76191
-1.9817
-1.72744
-1.92013
-1.8958
-1.7536
-1.66604
-1.63437
-1.68671
-1.24519
-1.32908
-1.51361
-1.72157
-1.45487
-1.85701
-1.45754
-1.82993
-1.79284
-1.75326
-1.73933
-1.44639
-1.65493
-1.50731
-2.10417
-1.4903
-1.66101
-1.82902
-1.8244
-1.57354
-1.58375
-1.71177
-1.87638
-1.5827
-1.63011
-1.79442
-1.30619
-1.85449
-1.62842
-1.63521
-1.51334
-1.81949
-1.75075
-1.54186
-1.60288
-1.71935
-1.88794
-1.80148
-1.87256
-1.58726
-1.55749
-1.32189
-1.62175
-1.67821
-1.83543
-1.94114
-1.891
-1.41694
-1.79641
-1.51407
-1.76253
-1.65762
-1.54281
-2.00915
-1.37381
-1.4266
-1.83567
-1.72421
-1.94675
-1.44717
-1.99514
-1.78437
-1.37338
-1.41292
-1.6082
-1.91611
-1.78549
-2.05668
-1.59036
-1.90929
-1.89728
-1.68814
-1.71208
-1.83507
-1.5227
-2.10633
-1.66692
-1.71497
-1.90149
-1.7253
-2.01194
-1.64849
-1.81591
-1.44583
-1.79918
-1.53178
-1.65855
-1.3813
-1.96155
-1.92266
-1.68488
-1.88998
-1.99717
-1.77544
-1.70007
-1.8098
-1.59498
-1.81367
-1.54504
-1.80218
-1.94357
-1.72693
-1.82539
-1.51524
-2.04457
-1.58425
-1.56865
-1.99603
-1.80612
-1.85021
-1.6759
-1.6167
-1.91118
-1.65406
-1.7714
-1.59966
-1.78024
-1.51661
-1.6971
-1.79602
-1.49782
-2.09665
-1.64189
-1.77739
-1.74448
-2.2955
-1.28413
-1.53688
-1.70479
-1.81771
-1.34629
-2.00562
-1.72139
-1.8198
-1.75632
-1.94397
-1.57404
-1.72405
-1.72874
-1.85139
-2.03085
-1.7827
-1.59024
-1.62792
-1.55508
-1.4317
-1.68632
-2.03212
-1.51631
-1.92333
-1.91135
-1.77744
-1.42439
-1.49641
-1.71864
-1.91912
-1.76179
-1.74987
-1.42302
-1.85334
-1.88134
-1.89903
-1.79741
-1.76105
-2.18243
-1.6755
-1.96032
-1.77107
-1.6136
-1.6781
-1.59065
-1.8772
-1.51276
-1.68789
-1.94478
-1.67
-1.70229
-1.59849
-1.92858
-1.35884
-2.03299
-1.48656
-1.66602
-1.6329
-1.88501
-1.86678
-1.8021
-1.8206
-1.9548
-1.62738
-1.90703
-1.94093
-1.75184
-1.7819
-1.56938
-1.69864
-1.82694
-1.36759
-1.37406
-1.78165
-1.76327
-1.87203
-1.60816
-1.59836
-1.749
-1.68113
-1.8719
-1.30612
-1.77282
-1.65115
-1.7077
-1.60059
-1.85009
-1.61484
-1.59594
-1.85776
-1.88129
-1.70416
-1.90742
-1.49599
-1.63592
-1.43653
-1.59642
-1.79941
-2.00352
-1.87813
-1.20991
-1.66945
-1.56964
-1.84726
-1.77875
-1.67915
-1.90695
-1.60938
-1.28158
-1.64437
-1.814
-1.80588
-1.82269
-1.86218
-1.70593
-1.71278
-1.91326
-1.9088
-1.77768
-1.79229
-1.49059
-2.12777
-1.62268
-1.73131
-1.45441
-1.70894
-1.89829
-1.02451
-2.00291
-1.98486
-1.83394
-1.69563
-1.73765
-1.65232
-1.79067
-1.66654
-1.53052
-1.64274
-1.69617
-1.89411
-1.89906
-1.61474
-1.44047
-1.6368
-1.6956
-1.80506
-1.80894
-1.75698
-1.71966
-1.60123
-1.93278
-2.10037
-1.53912
-1.80064
-1.6478
-1.9999
-1.45201
-1.75515
-1.42158
-1.79956
-1.67895
-1.93184
-1.59525
-1.54359
-2.06678
-1.94118
-1.6989
-2.14755
-1.69325
-1.64897
-1.73758
-1.83993
-1.98148
-1.80286
-1.64093
-1.71683
-1.58987
-1.59411
-1.56798
-1.83762
-1.63121
-1.80955
-1.68448
-1.85343
-1.52796
-1.7703
-2.07116
-1.64442
-1.48282
-2.02501
-1.67972
-1.60103
-1.96951
-1.87781
-1.71122
-1.74252
-1.35216
-1.21336
-1.74213
-1.54441
-1.72522
-1.70787
-1.61561
-1.56418
-1.57217
-1.55432
-1.74519
-1.28946
-1.64646
-1.51652
-1.82241
-1.31078
-1.77178
-1.8677
-1.80526
-1.91213
-1.90743
-1.56388
-1.82827
-1.7088
-2.0647
-1.8234
-1.77022
-1.88688
-1.18571
-1.78976
-1.67292
-1.76684
-1.78718
-2.01793
-1.9566
-1.62724
-1.70039
-1.81893
-1.49723
-1.30132
-1.42656
-1.86652
-1.87601
-1.88866
-1.6168
-1.63909
-1.98063
-1.54036
-1.8241
-1.63597
-1.92428
-1.79925
-1.65315
-1.70391
-1.97914
-1.55562
-1.7836
-1.69278
-1.64939
-1.68673
-1.7343
-1.59675
-1.78573
-2.00046
-1.76386
-1.97091
-1.31355
-1.57425
-1.83018
-1.6828
-1.98238
-1.65376
-1.97881
-1.90937
-1.69579
-1.81843
-1.45947
-1.3758
-1.65433
-1.6795
-1.8767
-1.90044
-1.51148
-2.04017
-1.72548
-1.88654
-1.50542
-1.48673
-1.63664
-1.64824
-1.78911
-1.90977
-1.72496
-1.84816
-1.91893
-1.48618
-1.73943
-1.53917
-1.82697
-1.84539
-1.8943
-1.48616
-1.95487
-1.34303
-1.67991
-2.14236
-1.55522
-2.102
-1.67137
-1.64359
-1.77389
-1.59947
-1.53317
-1.86904
-1.66884
-1.65565
-1.77043
-1.90195
-1.46686
-2.09408
-1.63687
-1.52908
-2.09275
-1.71325
-1.30864
-1.84142
-1.6613
-1.48849
-1.48299
-1.91271
-1.86475
-1.83226
-1.57882
-1.84002
-1.73354
-1.63712
-1.85288
-1.6833
-1.73504
-1.71694
-1.57653
-1.73227
-1.88797
-1.66864
-1.74754
-1.85987
-1.67576
-1.80908
-1.68676
-1.65932
-1.80474
-1.71293
-1.91257
-1.8463
-2.0349
-1.39816
-1.81569
-2.03255
-1.54779
-1.89667
-1.74734
-2.00144
-1.83771
-2.03758
-1.52602
-1.37434
-2.02564
-1.73289
-1.97257
-1.63433
-1.40277
-1.867
-1.98782
-1.27365
-1.65215
-1.78637
-1.82632
-1.5096
-1.95873
-2.00424
-1.94035
-1.90591
-1.58665
-1.53298
-1.47992
-1.92087
-1.93289
-1.65915
-2.06523
-1.3975
-2.11492
-1.60483
-1.74199
-1.90723
-1.36359
-1.80073
-1.83605
-1.80621
-1.55726
-1.66139
-1.48904
-1.95651
-1.83038
-1.52408
-1.99169
-1.55451
-1.36772
-1.61388
-1.79479
-2.09871
-1.49208
-1.99583
-1.59373
-1.49109
-1.50588
-1.83704
-1.57855
-1.81779
-1.46901
-1.65139
-1.69191
-1.53786
-1.82351
-1.75304
-1.66207
-1.82517
-1.60777
-1.72301
-1.70574
-1.65992
-1.76882
-1.43626
-1.72155
-1.65821
-1.78611
-1.70455
-1.69687
-1.4786
-1.71416
-1.80282
-1.97102
-1.65344
-1.75162
-1.43176
-1.52093
-1.62074
-1.73843
-2.03172
-1.49871
-1.74088
-1.90125
-1.20073
-1.84152
-1.65071
-1.89438
-1.94719
-1.77445
-2.15108
-1.66533
-1.66145
-1.86365
-1.98452
-1.96879
-1.80464
-1.39972
-2.15781
-1.9088
-1.8099
-2.11875
-1.62796
-1.63298
-1.65076
-1.75024
-1.4563
-1.59675
-1.71143
-1.30871
-1.67509
-1.97419
-1.74412
-1.67738
-1.61904
-1.78546
-1.53856
-2.2657
-1.85413
-1.60854
-1.9504
-1.54802
-1.60985
-1.81929
-1.75228
-2.35552
-1.2977
-1.72488
-1.94816
-1.5718
-2.25244
-1.78946
-1.84744
-1.63051
-1.88905
-1.99608
-1.41171
-1.89005
-1.5441
-1.82371
-1.68294
-1.53687
-1.19028
-1.83526
-1.94533
-1.82304
-1.81987
-1.22972
-2.14532
-1.59251
-2.0902
-1.56684
-1.38568
-1.90276
-1.96263
-1.31197
-1.59864
-1.68972
-1.80611
-1.55625
-1.91512
-1.96462
-1.88361
-1.75698
-1.68794
-1.63216
-1.79888
-1.3737
-1.59583
-1.72207
-1.94611
-1.87242
-1.85243
-1.69625
-1.52156
-1.63604
-1.98791
-1.85335
-1.67317
-1.7838
-1.99205
-1.78118
-1.79664
-1.84656
-1.53972
-1.48473
-1.73973
-1.71385
-1.81499
-1.64286
-1.59825
-1.69526
-1.94089
-1.87393
-1.24229
-1.56059
-1.90139
-1.5982
-1.74591
-1.69325
-1.86675
-1.17979
-1.86257
-1.94837
-1.64644
-1.61043
-1.54831
-1.81178
-1.92624
-1.62016
-1.57609
-1.42762
-1.86181
-1.59963
-1.94243
-1.958
-1.52396
-1.63494
-1.72571
-1.64914
-1.89883
-1.98975
-1.58723
-1.87633
-1.97394
-1.68761
-1.76132
-1.9149
-2.21355
-1.39539
-1.84885
-1.50662
-1.76071
-2.17663
-1.5795
-1.73001
-1.67089
-1.59482
-1.52326
-1.48946
-1.41188
-1.81169
-1.59901
-1.5466
-1.94193
-1.89058
-1.82204
-1.80607
-1.4869
-2.09426
-1.7511
-1.60839
-1.33968
-1.69737
-1.66611
-1.75378
-1.61826
-2.1295
-1.84442
-1.96783
-1.95653
-2.02676
-1.68277
-1.63648
-1.26849
-1.74848
-1.58744
-1.67083
-2.24652
-1.69244
-1.47639
-1.71806
-2.05544
-1.66499
-1.60423
-1.8131
-1.69777
-1.84888
-1.87817
-1.41643
-1.63987
-1.63242
-1.83086
-1.75222
-1.70762
-2.00168
-2.24699
-2.02403
-1.66186
-1.83096
-1.90809
-1.89129
-1.74753
-1.72436
-1.64672
-1.90276
-1.896
-2.09198
-1.35754
-1.67612
-1.61434
-1.37219
-1.76583
-1.78836
-1.58302
-1.73414
-1.64295
-1.5838
-1.70206
-1.72011
-1.87006
-1.77105
-1.92602
-1.76609
-1.8402
-1.23084
-1.69027
-1.68285
-2.03502
-1.76381
-1.86048
-1.36453
-1.63222
-1.57103
-1.47852
-1.54376
-1.74022
-1.90308
-1.61118
-1.83714
-1.83796
-1.62333
-1.38201
-1.78845
-1.75656
-2.02121
-1.86259
-1.57241
-2.01629
-1.93362
-1.6434
-1.56067
-1.87558
-1.81498
-1.73638
-1.97705
-1.78437
-1.87698
-1.77014
-1.57184
-1.94468
-1.65132
-1.79531
-1.60819
-1.70597
-1.59544
-1.91937
-1.80635
-1.9776
-1.89942
-1.40073
-1.81804
-1.85358
-1.66019
-1.68134
-1.66935
-1.88832
-1.85354
-1.94839
-1.90646
-2.04337
-1.51094
-1.72356
-1.94142
-2.09454
-1.77296
-1.92118
-1.9235
-1.84326
-1.50108
-1.93473
-1.93885
-1.72741
-1.67479
-2.02089
-1.71391
-1.9635
-2.10063
-1.83174
-1.88149
-1.54121
-1.65259
-1.79778
-1.69517
-1.73452
-1.73402
-1.41462
-1.89483
-1.80423
-1.59578
-1.84197
-1.51944
-1.55117
-1.76414
-1.63916
-1.90522
-1.49321
-1.98924
-1.96696
-1.98535
-1.71859
-1.48382
-1.79891
-2.08672
-1.55704
-1.67706
-1.5464
-1.06855
-2.20437
-1.9623
-1.75684
-1.58319
-2.08363
-1.68173
-2.2554
-1.76034
-1.80402
-1.5714
-1.75956
-1.51035
-1.21661
-1.40951
-2.08139
-1.93876
-1.70128
-1.60385
-1.60537
-1.88601
-1.80087
-1.65073
-1.58615
-1.941
-2.00866
-1.80953
-1.91635
-1.75189
-1.92545
-1.3753
-1.85392
-1.73821
-1.87286
-1.82542
-1.80366
-1.49228
-1.83764
-1.64272
-1.584
-1.90315
-1.73663
-1.40635
-1.73278
-1.40732
-1.77172
-1.72874
-1.71855
-1.76791
-1.66338
-2.03065
-1.75308
-1.87813
-1.42361
-1.79719
-1.5288
-1.86105
-1.6441
-1.93637
-1.81891
-1.60429
-1.94385
-2.01572
-2.0536
-1.53773
-1.60723
-1.52493
-1.64673
-1.23057
-1.81024
-1.59479
-1.79012
-1.83158
-2.27259
-1.81894
-1.80463
-1.49893
-1.59476
-1.69474
-1.507
-2.00203
-2.05601
-1.48936
-1.82048
-1.71417
-1.99955
-1.34108
-1.69432
-1.56692
-1.79629
-1.71346
-1.41955
-1.89481
-1.51804
-1.64641
-1.63005
-1.62541
-1.49635
-1.89595
-1.26699
-2.08463
-2.06906
-2.01758
-1.72928
-1.82618
-1.54635
-1.67725
-1.72578
-1.32391
-1.76268
-1.53958
-1.63699
-1.65244
-2.04781
-1.64964
-1.67748
-1.71699
-1.83351
-1.79773
-1.76819
-1.94072
-1.48979
-1.71898
-1.55365
-1.65519
-1.71402
-1.7586
-1.75772
-1.72106
-1.70106
-1.62174
-1.93762
-2.0168
-2.03329
-2.05908
-1.3225
-1.90701
-1.70291
-1.49637
-1.59302
-1.52066
-1.49788
-1.72452
-1.59652
-1.42329
-1.64423
-1.48001
-1.55554
-1.94726
-1.89727
-1.2833
-1.44017
-1.82763
-1.76324
-1.7018
-1.36991
-1.87555
-1.61263
-1.61582
-1.42839
-1.6772
-1.52799
-1.86196
-1.48933
-1.85469
-1.55719
-1.87337
-1.54491
-1.93841
-1.78848
-1.62892
-1.67586
-1.9326
-1.94783
-1.74095
-1.77928
-1.93562
-1.6194
-1.76141
-1.8116
-1.35494
-1.79241
-1.56173
-1.64614
-1.64827
-1.8571
-1.83745
-1.96635
-1.44729
-1.64734
-1.98018
-2.22191
-1.66786
-1.95246
-1.95675
-1.66939
-1.77066
-1.64437
-1.38304
-1.70992
-1.89649
-1.49174
-1.67526
-1.81905
-1.316
-2.27687
-1.51244
-1.93638
-1.61817
-1.75726
-1.62021
-1.86292
-1.68347
-1.80789
-1.309
-2.0452
-1.77669
-1.62614
-2.09222
-1.98129
-1.96669
-1.72792
-1.72168
-1.68552
-1.65679
-1.48448
-1.67565
-1.86346
-1.59047
-1.68482
-1.80416
-1.85579
-1.92837
-1.70835
-1.82122
-1.57263
-1.44824
-1.54457
-1.88663
-1.9616
-1.6386
-1.48262
-1.62338
-1.47602
-1.75792
-1.76066
-1.97031
-1.93803
-1.85369
-1.58106
-1.3974
-1.63229
-2.25044
-1.65861
-1.78457
-1.81501
-1.69801
-2.06105
-1.40278
-1.65902
-1.64342
-1.54114
-1.78654
-1.64297
-1.63679
-1.77428
-1.7353
-1.74721
-1.62871
-1.68124
-1.90548
-1.62591
-1.50494
-1.511
-1.41114
-1.78285
-1.29739
-1.90085
-1.89505
-1.75281
-1.97299
-1.82294
-1.19488
-1.21335
-1.9252
-2.10341
-1.7256
-1.28979
-1.79267
-1.74256
-1.75498
-1.69977
-1.24433
-1.7432
-1.63615
-1.70655
-1.31476
-1.83144
-1.51949
-1.98871
-1.6804
-1.50683
-1.84978
-1.73448
-2.03459
-1.73084
-1.92296
-1.8437
-1.99826
-1.38407
-1.71035
-1.82846
-1.85165
-1.41547
-1.88418
-1.37093
-1.55562
-1.83012
-1.53034
-1.75406
-1.82028
-1.23567
-1.87217
-1.53092
-1.65289
-1.88596
-1.91259
-1.54387
-1.8967
-1.73658
-1.90031
-1.88016
-1.64603
-1.40917
-1.91543
-1.84322
-1.78291
-1.65074
-1.90519
-1.43152
-1.68037
-1.49596
-1.61223
-1.56871
-1.75278
-1.29712
-1.53893
-1.58546
-1.66205
-1.70582
-1.92892
-1.8411
-1.41954
-1.7396
-1.50845
-1.68022
-1.85091
-1.62624
-2.066
-1.72554
-2.18506
-1.72486
-1.9478
-1.74119
-1.54324
-1.9119
-1.74039
-2.16172
-1.504
-1.78192
-1.40087
-1.50199
-1.63708
-1.72321
-1.86099
-1.97394
-1.80926
-1.57145
-2.34807
-1.6063
-1.91575
-1.73739
-1.92949
-1.43417
-1.4042
-1.95721
-1.74891
-1.34652
-1.76889
-1.88707
-1.26335
-1.81379
-1.78085
-1.62323
-1.76796
-2.19213
-1.77136
-1.51685
-1.73486
-1.58203
-1.94485
-1.8047
-2.17169
-1.33031
-1.74261
-1.35008
-1.40674
-1.72384
-1.93927
-1.67215
-1.55129
-1.99074
-1.59805
-1.81158
-2.02502
-1.66172
-1.7702
-1.80845
-1.93939
-2.11823
-1.8584
-1.85777
-1.80885
-1.64586
-1.78975
-1.77636
-1.34745
-1.61191
-1.49988
-1.87208
-1.615
-1.85122
-1.46763
-1.60032
-1.68719
-1.39059
-1.80247
-1.9236
-1.52834
-1.81187
-1.81412
-2.22645
-1.34402
-1.53391
-1.52308
-1.84381
-1.70777
-1.82947
-1.65713
-1.34814
-1.63885
-1.85638
-1.4967
-1.47913
-2.09937
-1.68038
-1.84127
-1.72039
-1.63315
-1.93075
-1.86934
-1.74045
-1.81637
-1.9782
-1.64199
-1.86699
-1.8698
-1.4469
-1.92121
-2.04487
-1.67073
-1.58428
-1.93181
-1.47936
-1.51832
-1.83517
-1.79363
-1.60009
-1.6417
-1.38922
-1.5567
-1.7644
-1.55447
-1.79558
-1.74653
-1.9327
-1.63301
-1.45523
-1.87025
-1.73977
-1.90344
-1.6964
-1.43611
-1.4978
-1.83501
-1.56103
-2.03582
-1.92629
-1.98149
-2.05712
-1.85621
-1.32863
-1.81743
-1.83337
-1.91648
-1.79069
-1.24825
-1.39456
-1.84959
-1.86328
-1.6706
-1.55936
-1.63141
-1.87551
-1.46885
-2.29113
-1.47579
-1.46733
-1.49749
-1.74227
-1.92101
-2.19674
-1.47862
-1.70975
-1.93194
-1.83817
-2.11576
-1.82267
-1.5933
-1.37388
-1.58899
-1.69359
-1.84367
-1.73293
-1.634
-1.75846
-1.92452
-1.69767
-1.55876
-1.48781
-1.65978
-1.54354
-1.44248
-1.5036
-1.8642
-1.50409
-1.74998
-1.60703
-1.96526
-1.70743
-1.69842
-1.52971
-1.67997
-1.65978
-1.61053
-1.67526
-1.96854
-1.61874
-1.8157
-1.77759
-1.64732
-1.75828
-2.02525
-1.84117
-1.35586
-1.81036
-1.74396
-1.30617
-1.871
-2.01692
-1.8362
-1.38921
-1.85324
-1.89289
-1.5451
-2.11482
-1.83518
-1.70888
-1.62264
-1.80947
-2.3065
-1.6911
-1.89703
-1.67622
-1.92278
-1.64425
-1.5988
-1.8198
-1.50335
-1.91852
-1.68923
-1.63319
-1.7528
-1.56899
-2.13517
-2.04238
-1.49504
-1.52214
-1.49558
-1.83225
-1.90718
-1.60723
-1.7354
-1.61521
-1.87791
-2.23757
-1.15926
-1.95049
-1.53699
-1.64197
-1.64364
-2.08107
-1.89901
-2.02794
-1.72392
-1.60717
-1.84228
-1.71096
-1.82794
-1.94217
-1.6643
-1.65313
-1.78796
-1.6929
-1.27831
-1.93914
-1.48937
-1.54243
-1.64049
-1.61052
-1.77721
-1.64401
-1.71048
-1.26519
-1.90355
-1.90416
-1.49358
-1.65743
-2.12041
-1.48954
-1.7239
-1.55328
-1.75207
-1.164
-1.47829
-1.74134
-1.84586
-1.68608
-1.48986
-1.79737
-1.55183
-1.8358
-1.59938
-1.72562
-1.88809
-1.70451
-2.02116
-1.71935
-1.72947
-1.48344
-1.85642
-1.7672
-1.52825
-1.80523
-1.92166
-1.59262
-1.8902
-1.91331
-1.38816
-1.54366
-1.87448
-1.60406
-1.55058
-1.62787
-1.22376
-1.78861
-1.66319
-1.9238
-1.85656
-2.04712
-1.2089
-1.84964
-1.62506
-1.64971
-1.54838
-1.7518
-1.70537
-1.71391
-1.6876
-1.82893
-1.85298
-1.97449
-1.52309
-2.05307
-1.88531
-1.64056
-1.76633
-1.43353
-1.88514
-1.67567
-1.71226
-1.65353
-1.48899
-1.68113
-1.4709
-1.2497
-1.66776
-1.7696
-1.75899
-1.85486
-1.41369
-1.84312
-1.78453
-1.66793
-1.1426
-1.79055
-1.50107
-1.5189
-1.70079
-1.64855
-1.94746
-1.78906
-1.97756
-2.08516
-1.50189
-1.53465
-1.60744
-2.05751
-1.46207
-1.89272
-1.86199
-1.90922
-1.77407
-1.89028
-1.64609
-1.35049
-1.71107
-1.90456
-1.86597
-2.06308
-1.66966
-1.65427
-1.54209
-1.745
-2.10892
-1.74893
-2.13788
-1.616
-1.64291
-1.41269
-1.53329
-1.73659
-1.64093
-1.99815
-1.50683
-1.94831
-1.74605
-1.86215
-1.78557
-1.78975
-1.95748
-1.82844
-2.07537
-1.51288
-1.38363
-1.52635
-1.30695
-2.14678
-1.62301
-1.91455
-1.74283
-1.84501
-1.71278
-1.51954
-1.67532
-1.91966
-1.45126
-1.55666
-1.54815
-1.4788
-1.49738
-1.73842
-1.8282
-2.01109
-1.59806
-1.94998
-1.92475
-1.95376
-1.30458
-1.7247
-1.69542
-1.76423
-1.64477
-1.64924
-1.87091
-1.86258
-1.97183
-1.60378
-1.47758
-1.53941
-1.49501
-1.86467
-1.54703
-1.89908
-1.73163
-1.54435
-1.85796
-1.77898
-1.95042
-1.77658
-2.11805
-1.52003
-1.62813
-1.43262
-1.3426
-1.84657
-1.73529
-1.92099
-1.66479
-1.66423
-1.92182
-1.63706
-1.57333
-2.33099
-1.66969
-1.65109
-1.31058
-1.74054
-1.85736
-1.65565
-1.7541
-1.76914
-1.48418
-1.70525
-1.91683
-1.72373
-1.67543
-1.70125
-1.53727
-1.76193
-2.03921
-1.79475
-1.69592
-1.72749
-1.82982
-1.5975
-1.779
-1.62349
-1.8216
-1.37673
-2.01862
-1.99015
-1.81392
-1.52479
-1.39277
-1.86522
-1.81081
-1.79962
-1.68496
-1.82617
-1.75543
-2.02222
-2.10595
-1.64869
-1.37548
-1.64842
-2.09141
-1.6343
-1.51583
-1.48059
-2.03966
-1.87734
-1.30046
-1.58397
-1.72937
-2.0582
-1.84865
-1.44186
-2.21484
-1.72821
-1.58678
-1.79915
-1.54321
-2.24295
-1.67214
-1.61889
-1.6972
-1.5887
-1.78798
-1.66753
-1.92408
-1.64256
-1.71271
-1.92585
-2.09346
-2.10777
-1.82858
-1.3646
-1.6724
-1.97262
-1.7564
-1.9169
-1.53616
-1.6986
-1.73615
-1.64122
-1.93447
-1.66267
-1.93093
-2.17201
-1.60008
-1.79538
-1.6571
-1.56545
-1.63066
-1.69369
-1.67372
-1.79041
-1.57498
-1.66268
-2.07067
-1.60253
-1.90845
-1.91862
-2.09723
-1.6614
-1.61049
-1.52657
-1.75966
-1.87126
-1.9366
-1.69492
-1.49702
-1.71617
-1.66338
-1.52215
-1.8178
-1.83189
-1.44399
-1.60978
-1.60925
-1.7754
-1.96595
-1.6705
-1.80379
-1.52246
-1.79439
-1.57547
-2.01568
-1.75884
-1.44963
-2.03141
-1.58513
-1.6478
-1.96678
-1.94827
-2.12784
-1.99785
-1.86917
-1.79136
-1.90513
-1.72594
-1.58986
-1.54886
-1.7056
-1.61861
-1.51643
-1.79954
-1.69242
-1.42789
-1.5297
-1.7894
-1.61242
-2.04148
-1.70257
-1.56555
-1.82874
-1.80016
-1.44898
-1.91428
-1.57486
-1.65407
-1.45946
-1.69756
-1.7293
-1.60035
-1.31232
-1.62099
-1.67395
-1.90565
-2.09615
-1.50396
-1.74211
-1.44589
-1.58563
-1.70973
-1.26852
-2.07841
-1.79226
-1.58122
-1.81369
-1.71245
-1.91166
-2.00942
-1.54323
-1.84542
-1.89694
-1.86831
-1.4796
-2.09213
-1.41379
-1.85236
-1.44978
-1.47535
-1.85608
-1.50894
-1.6196
-1.97566
-1.43199
-1.62438
-1.80714
-1.99296
-1.73698
-1.70951
-1.71933
-1.7724
-1.80755
-1.70583
-1.66415
-1.78899
-1.48598
-1.55397
-1.741
-2.14427
-1.65763
-1.74089
-1.97715
-1.59885
-2.12422
-1.49226
-1.54923
-1.65511
-1.82572
-1.68128
-1.89573
-1.87035
-1.6691
-1.8571
-1.91063
-1.47278
-1.60097
-1.50948
-1.63314
-1.69584
-1.85815
-1.47154
-1.52493
-1.86861
-1.50564
-1.61623
-1.82254
-1.70332
-1.77552
-1.95701
-1.70797
-1.95713
-1.9492
-1.8379
-1.77824
-1.47866
-1.79426
-1.82439
-1.59346
-1.74333
-1.40515
-1.64499
-1.63421
-1.76466
-1.47525
-1.5748
-1.72922
-1.59326
-1.47832
-1.62422
-1.34702
-1.86136
-1.66091
-1.7673
-1.54306
-1.91923
-1.32344
-1.9084
-1.67823
-1.85141
-1.86236
-1.86814
-1.72278
-1.55665
-1.55259
-1.79401
-1.66445
-1.45821
-1.18812
-2.08284
-2.08108
-1.11587
-1.9075
-1.37162
-1.31362
-1.69235
-2.03935
-2.18367
-1.9094
-1.70403
-1.84277
-1.78402
-2.07289
-1.9987
-1.63136
-1.82088
-1.45263
-1.90388
-1.54742
-1.76878
-2.1223
-1.7652
-1.84705
-1.43498
-1.65645
-1.71248
-1.8087
-1.71571
-1.18386
-1.78223
-1.73696
-1.6876
-1.72265
-1.98927
-1.61767
-1.92314
-1.66365
-1.99467
-1.44486
-1.70887
-1.7932
-1.96817
-1.88798
-1.90737
-1.7841
-1.78553
-2.47139
-1.46906
-2.06722
-1.4864
-1.82547
-1.97544
-1.63085
-1.63048
-1.99348
-1.80752
-1.86491
-1.86133
-1.85146
-1.62658
-2.0222
-1.46873
-1.69436
-1.44018
-1.78392
-1.98265
-1.56628
-1.60917
-1.69121
-1.93552
-1.68329
-1.53691
-1.98835
-1.54863
-1.81561
-1.88429
-1.70832
-1.63331
-1.47082
-1.7067
-1.63329
-1.47925
-1.75308
-1.81734
-1.39561
-1.5392
-1.30607
-1.99521
-1.73388
-1.84136
-1.62537
-1.38116
-1.70603
-1.78917
-1.27181
-1.46174
-1.67568
-1.87045
-1.7119
-1.93112
-1.94622
-1.39906
-1.85574
-1.89565
-1.91285
-1.6934
-1.89195
-1.79569
-1.32781
-1.59859
-2.02292
-1.41996
-1.45525
-1.91473
-1.48383
-1.80548
-1.95177
-1.7049
-1.26325
-1.77706
-1.69348
-1.45857
-1.72481
-1.83095
-1.42248
-2.00718
-1.93543
-1.77303
-1.55719
-1.59634
-1.57552
-1.67112
-1.69378
-1.82854
-1.94791
-1.86289
-1.61053
-1.6637
-1.75953
-1.81395
-1.86927
-1.95525
-1.65106
-1.66575
-1.58511
-1.57309
-1.85419
-1.59802
-1.73017
-1.8929
-1.69627
-1.50796
-2.04749
-1.76213
-1.51144
-1.56084
-1.57228
-1.80967
-1.80769
-1.9068
-1.67222
-1.34645
-1.38747
-1.53541
-1.67866
-2.22163
-1.83223
-1.55972
-1.60654
-1.66929
-1.89333
-1.823
-1.87844
-1.75097
-1.98045
-1.66862
-1.78726
-1.79049
-1.71996
-1.59684
-1.64013
-1.4418
-1.9359
-1.7865
-1.60894
-1.65865
-2.10945
-1.817
-1.83557
-1.84343
-1.86368
-1.44224
-1.64794
-2.05101
-1.46891
-1.81577
-1.58821
-2.12169
-1.9382
-1.78741
-1.55724
-1.6841
-1.56341
-1.84883
-1.40363
-1.5312
-2.00696
-1.39062
-1.99891
-1.71989
-1.66626
-1.60778
-1.71358
-1.49909
-1.92914
-1.98621
-2.3507
-1.78821
-1.61908
-1.79056
-1.8109
-1.84601
-1.4555
-1.82643
-1.87919
-2.08918
-1.84713
-1.69037
-2.19621
-1.43488
-1.78399
-1.80785
-1.66474
-1.42531
-1.66918
-1.82149
-2.21226
-1.99723
-1.62472
-1.54669
-1.85403
-1.56228
-1.51918
-1.86737
-1.93219
-1.77459
-1.89111
-1.60469
-1.7068
-1.5715
-2.07473
-1.91476
-1.53339
-1.87741
-2.05823
-1.47719
-1.75374
-2.2266
-2.18921
-1.86846
-1.33016
-1.97957
-1.97768
-1.97662
-1.81385
-1.56189
-1.92706
-1.73159
-1.61649
-1.66651
-1.29507
-1.74411
-1.58156
-1.6812
-1.90738
-1.76994
-1.92856
-1.59879
-2.03044
-1.9789
-1.74628
-1.74625
-1.68919
-1.81691
-1.72204
-1.64518
-1.91174
-1.92023
-1.70287
-1.91692
-1.63937
-1.62958
-1.43196
-1.59729
-1.57667
-1.81942
-1.4552
-1.38102
-1.94191
-1.75375
-1.72074
-1.92153
-1.83763
-1.76667
-2.16054
-1.5354
-1.66895
-1.8142
-1.76313
-2.01302
-2.0928
-1.96837
-1.64984
-1.95026
-1.81008
-1.85014
-1.73309
-1.63754
-1.56672
-1.5085
-1.78116
-1.5546
-1.77172
-1.48947
-1.72149
-1.82198
-1.71923
-1.59326
-1.75821
-1.67386
-1.86099
-1.53266
-1.86751
-1.82339
-1.76927
-1.55927
-1.72942
-1.67649
-1.85161
-1.46362
-1.78819
-1.60364
-1.77353
-1.97517
-1.45971
-1.76921
-1.69436
-1.39421
-2.10487
-1.98742
-1.60167
-1.75405
-1.61016
-1.8811
-1.53211
-1.76595
-1.79195
-1.32879
-1.578
-2.07364
-1.81389
-1.85691
-1.6205
-2.04528
-1.66101
-1.65308
-1.62499
-1.98375
-1.72507
-1.61056
-2.08922
-1.96556
-1.94093
-1.88645
-1.85019
-1.65811
-1.523
-1.9983
-1.76392
-2.05261
-1.70157
-1.62042
-1.64353
-1.76123
-1.88848
-1.83987
-1.35816
-1.69975
-1.38648
-1.19755
-1.81107
-1.87471
-1.79446
-1.45693
-1.44515
-1.41629
-1.72221
-1.84597
-1.91021
-1.30432
-1.89831
-1.69714
-1.59204
-1.48429
-1.84701
-1.81258
-1.48863
-1.64162
-1.58453
-1.94483
-1.82379
-1.73534
-1.37708
-1.99342
-1.83128
-1.96329
-2.03848
-2.003
-1.94343
-2.10619
-1.67335
-1.74697
-1.61544
-1.34367
-1.77117
-2.15098
-1.5156
-1.46483
-2.02876
-1.76899
-2.02705
-1.86609
-1.68893
-1.71063
-2.00017
-1.67051
-1.65663
-1.82664
-1.50693
-1.77669
-1.63843
-1.28835
-1.82646
-1.79641
-1.58151
-1.67971
-2.06276
-1.77312
-1.928
-1.9073
-2.05382
-1.55885
-1.49411
-1.15267
-1.92393
-1.7107
-1.78808
-1.78686
-1.77603
-1.44428
-1.89768
-1.77236
-1.68275
-1.69279
-1.84526
-1.2286
-1.52756
-1.75203
-1.71455
-1.59139
-1.76188
-1.31753
-1.76943
-1.69907
-1.95304
-2.05779
-1.6374
-1.6619
-1.4017
-2.07803
-1.78808
-1.76698
-1.24621
-2.31397
-2.04705
-1.55368
-1.54217
-1.76358
-1.35872
-1.61369
-1.48994
-1.61008
-1.96525
-1.71307
-1.65902
-1.75068
-1.67714
-1.44753
-1.45872
-1.5783
-1.3073
-1.9533
-1.54324
-1.84317
-1.68197
-1.93622
-1.40025
-2.14143
-1.81445
-1.72883
-1.91858
-1.722
-1.8684
-1.7539
-1.45967
-1.48648
-1.66854
-1.52378
-1.39973
-1.77228
-1.68467
-1.69627
-1.41072
-1.89526
-1.7033
-2.00041
-1.51721
-1.67858
-1.61321
-1.36282
-1.65813
-1.69569
-1.64122
-2.05358
-1.9486
-1.89222
-1.93422
-1.75732
-2.02281
-1.79239
-1.70175
-1.63156
-1.48404
-1.51752
-1.31637
-1.69895
-1.70623
-1.66373
-1.35411
-1.60974
-1.86086
-1.12451
-1.72701
-1.60912
-1.80968
-1.55471
-1.7488
-1.71976
-1.5573
-1.64365
-1.97364
-1.59052
-1.76112
-2.02618
-2.44386
-1.95394
-2.08014
-1.68965
-1.48476
-1.5663
-1.70264
-2.02169
-1.90939
-1.65807
-1.96655
-1.71797
-2.04609
-1.44032
-1.6001
-1.34892
-1.81927
-2.1415
-1.77104
-1.57432
-2.0305
-2.01816
-1.98259
-1.90499
-1.79736
-1.7039
-1.86458
-1.47466
-1.79153
-1.76241
-1.44444
-1.5844
-1.6674
-1.67546
-1.87301
-1.89728
-1.46972
-2.01795
-1.71871
-1.39457
-2.11735
-1.61589
-1.69293
-1.7138
-1.93848
-1.52125
-1.86275
-1.48994
-1.49209
-1.64917
-1.5587
-1.90002
-1.51549
-1.6158
-1.70125
-1.88034
-1.4335
-1.5776
-1.69583
-1.72355
-1.71946
-1.98564
-1.55197
-1.31585
-1.71639
-1.84657
-1.93011
-1.85697
-1.5282
-1.82811
-1.58195
-1.45497
-2.01657
-1.78591
-1.95598
-1.50667
-1.88753
-1.40023
-1.4734
-1.52098
-1.9642
-1.71732
-1.87874
-1.41881
-1.95886
-1.78246
-1.96352
-1.5233
-1.99533
-1.67793
-1.93111
-1.50533
-2.18713
-1.44707
-2.08274
-1.55558
-1.84758
-1.93654
-1.59422
-1.75213
-1.61657
-1.60118
-1.93728
-1.84241
-1.83186
-1.38812
-1.94302
-1.64179
-1.64815
-1.77089
-1.88423
-1.68379
-1.43578
-1.735
-1.7212
-1.78838
-1.96592
-1.97021
-1.54068
-1.55747
-1.92933
-1.90315
-1.62912
-1.71878
-2.07562
-1.55234
-2.05471
-1.29241
-1.64885
-1.84416
-1.96174
-1.73722
-1.76103
-1.49811
-1.60868
-1.95846
-1.79573
-1.75137
-1.59078
-1.98948
-1.61646
-1.3573
-1.78938
-1.65132
-1.69479
-1.47102
-1.40263
-1.79207
-1.68043
-1.60443
-1.97533
-1.68374
-1.53836
-1.86722
-1.59998
-1.24287
-1.75451
-1.85727
-1.73002
-1.79296
-1.51073
-1.7625
-1.70979
-1.81351
-1.70174
-1.8981
-1.63935
-1.61014
-1.84176
-1.47852
-1.87131
-1.93038
-2.03565
-1.61111
-1.78007
-1.55573
-2.03209
-1.41837
-1.92956
-2.02611
-1.59578
-1.54988
-1.76556
-1.74865
-2.08181
-1.62283
-1.40272
-1.5666
-1.70762
-1.81466
-1.80888
-2.07746
-1.70451
-1.78971
-1.52793
-2.02598
-1.57783
-1.6326
-1.44485
-1.74983
-1.53429
-2.09898
-1.75137
-1.72349
-1.38468
-1.4141
-1.74567
-1.87676
-1.64333
-1.23168
-2.01899
-1.68864
-1.69288
-1.61458
-1.56476
-1.37426
-1.80719
-1.87908
-1.80984
-1.72773
-1.34334
-1.6889
-1.59824
-1.2954
-1.50854
-1.69284
-1.64393
-1.5427
-1.82599
-1.61636
-1.80145
-1.70455
-1.94689
-1.56889
-1.99634
-1.59476
-1.25904
-1.60894
-1.76406
-1.75557
-1.62828
-1.74769
-2.11217
-1.63158
-1.98598
-1.92976
-1.51369
-1.65806
-1.63815
-1.35736
-1.83424
-1.7322
-1.68992
-1.77223
-1.40258
-1.8675
-2.05562
-1.49898
-1.97201
-1.42249
-1.14979
-1.8667
-1.78056
-1.84105
-1.88873
-1.91351
-1.6286
-1.35263
-1.62033
-1.7797
-1.86876
-1.45417
-1.59349
-1.49366
-1.94277
-1.77635
-1.62146
-1.41372
-1.77859
-1.47467
-1.62994
-1.68238
-1.93857
-2.05652
-1.60307
-1.75801
-1.6131
-1.45589
-2.01298
-1.89341
-1.82829
-1.70891
-1.80267
-1.81829
-1.40994
-1.85987
-1.71234
-1.68535
-1.72611
-1.72526
-1.50223
-1.74307
-1.57123
-1.69053
-2.40963
-1.86797
-1.82471
-1.49806
-1.68893
-1.64382
-1.9449
-1.58778
-1.93549
-1.64285
-1.47095
-1.44671
-1.87787
-1.68465
-1.79897
-1.80964
-1.91733
-1.58715
-1.82904
-1.68013
-1.50073
-1.43029
-1.57124
-1.82459
-1.8663
-1.83583
-1.81721
-1.77756
-1.85585
-1.49355
-1.41824
-1.86986
-1.85543
-1.6115
-1.97343
-1.83775
-2.16871
-1.35853
-1.64034
-1.781
-1.55035
-1.40614
-1.75493
-2.2402
-1.88336
-1.49143
-1.69851
-1.40051
-1.94436
-1.7057
-1.79328
-1.76341
-1.69343
-1.38673
-1.80967
-1.56356
-1.79532
-1.68437
-1.80202
-1.71165
-1.90628
-1.71839
-1.98785
-1.52161
-1.57331
-1.52723
-1.8873
-1.69513
-1.61597
-1.4315
-1.78438
-1.72705
-1.58554
-1.51709
-1.95318
-1.61767
-1.53104
-1.79511
-1.64391
-1.4315
-1.44715
-1.50689
-1.63046
-1.88344
-1.80942
-1.99952
-1.72787
-1.87892
-1.67028
-1.55838
-1.70824
-1.52025
-1.81689
-1.61852
-2.02379
-1.86316
-1.64458
-1.49522
-1.69661
-1.56368
-1.69634
-1.96171
-1.66199
-1.68266
-1.59662
-1.21641
-1.84857
-1.64767
-1.68755
-1.83364
-1.82917
-1.69769
-1.82909
-1.29927
-1.38109
-1.95764
-1.68322
-1.82374
-1.85033
-1.56856
-1.47872
-1.94249
-1.59535
-1.67521
-1.72466
-1.6022
-1.51325
-1.59273
-1.8879
-1.70822
-1.57441
-1.89066
-1.69475
-1.61851
-1.60169
-1.40688
-1.96089
-1.61625
-1.9645
-1.67907
-1.69546
-1.64184
-1.90847
-1.41476
-1.72545
-2.08862
-1.67249
-2.23749
-1.79974
-1.76282
-1.64856
-1.65106
-1.48326
-1.41144
-1.82484
-1.9003
-1.56278
-1.66978
-1.50522
-1.43215
-1.68492
-1.65789
-1.90665
-1.88751
-1.45276
-2.06977
-1.97009
-1.87953
-1.07502
-1.64598
-1.67362
-1.66633
-1.82454
-1.53982
-1.74881
-1.97415
-1.73761
-1.66438
-1.69204
-1.66373
-1.40257
-1.74207
-1.74225
-1.57171
-1.85432
-1.53501
-1.47258
-1.95685
-2.03387
-1.72758
-2.1135
-1.73541
-1.63346
-1.63395
-1.84949
-1.44494
-1.9842
-1.95743
-1.45864
-1.98767
-2.08023
-1.60516
-1.65373
-1.77325
-1.74726
-1.58143
-1.66136
-1.66329
-1.79048
-1.77781
-1.36371
-1.54051
-1.71254
-1.79016
-1.40019
-1.93322
-1.90313
-2.16442
-1.67276
-1.78664
-1.60254
-1.57006
-1.82698
-1.83095
-1.49744
-1.61374
-1.50944
-1.78248
-1.57465
-1.81574
-1.6815
-1.88452
-1.42125
-1.47402
-1.69309
-1.69634
-1.58694
-1.51929
-1.67234
-1.79793
-1.64325
-1.68476
-1.55381
-2.01669
-1.65977
-1.70779
-1.76604
-1.75633
-1.79887
-1.83948
-1.7675
-1.47896
-1.88503
-1.95693
-1.64108
-1.62862
-1.8727
-2.15781
-1.45342
-1.33068
-1.96219
-1.4356
-1.3389
-1.71739
-1.77355
-1.53241
-1.6676
-1.55985
-2.13635
-2.02272
-1.86399
-1.68469
-1.63011
-1.51379
-1.72152
-1.66128
-1.78205
-1.53711
-1.66384
-1.71292
-1.82093
-1.6911
-1.78198
-1.38735
-1.76101
-1.64364
-1.87873
-2.04561
-1.49408
-1.84881
-1.46943
-1.86905
-1.86197
-1.60944
-1.77481
-1.62174
-1.82382
-1.76539
-1.88086
-1.74342
-2.05994
-1.37572
-2.09282
-1.70307
-1.55934
-1.82312
-1.96316
-2.09558
-1.67288
-1.7615
-1.60067
-1.84458
-1.54595
-1.82834
-1.90716
-1.9547
-1.51322
-1.89774
-1.48074
-1.51055
-1.74981
-1.76293
-1.85258
-1.73399
-1.4206
-1.52243
-1.8973
-1.68123
-1.84569
-1.62768
-1.59201
-1.74982
-1.30469
-2.07944
-1.8372
-1.45321
-1.54343
-1.93102
-1.45195
-1.84885
-1.45711
-1.93594
-1.70979
-1.99355
-1.3403
-1.91298
-1.63339
-1.53133
-1.47569
-1.96624
-1.83275
-1.54338
-1.6737
-1.6759
-1.77942
-1.43193
-1.6291
-1.72073
-1.6627
-1.68934
-1.77105
-1.44809
-1.90687
-1.91593
-1.67073
-1.7261
-1.84728
-1.48268
-1.58557
-1.77421
-1.59582
-1.95084
-1.91128
-1.64705
-1.8115
-1.48437
-1.60761
-1.92799
-1.75657
-2.10535
-1.54967
-1.82776
-2.36678
-1.82949
-1.78246
-2.0781
-1.3377
-1.38033
-1.75893
-1.87683
-1.78573
-1.78788
-1.27192
-2.03467
-1.94368
-1.54846
-1.89357
-1.7314
-1.63459
-1.61917
-1.80472
-1.78208
-1.43631
-1.76061
-1.8093
-1.78474
-1.56667
-1.89461
-1.77091
-1.56063
-2.01381
-1.80678
-1.8211
-1.82785
-1.32608
-1.45513
-1.43727
-1.65813
-1.51422
-1.9103
-1.62958
-1.79328
-1.73323
-2.0256
-1.69769
-1.95966
-1.83832
-1.53389
-1.84357
-1.72909
-1.53862
-1.42957
-1.81022
-1.68527
-1.77591
-2.22381
-1.5622
-1.82667
-1.38853
-1.40628
-1.56599
-2.02289
-1.81358
-1.4369
-1.79409
-1.50315
-1.76975
-1.54992
-1.4072
-1.68078
-1.95357
-1.49541
-1.63045
-1.69884
-1.56531
-1.74481
-1.95723
-1.71902
-1.71636
-1.76433
-1.6424
-1.5678
-1.84089
-1.34689
-1.86098
-1.53598
-1.69192
-1.61928
-1.6759
-1.89037
-2.22827
-1.57278
-1.53385
-1.80443
-1.6865
-1.60946
-1.63143
-1.87485
-1.4609
-1.74692
-1.60722
-2.07148
-1.87724
-1.46169
-1.70184
-1.66821
-1.97382
-1.81237
-1.73869
-1.82327
-1.43563
-1.66278
-2.10758
-1.65755
-1.83614
-1.76943
-1.73363
-1.47176
-1.21111
-1.64309
-1.77774
-1.98399
-1.74147
-1.62414
-2.02479
-1.70809
-1.65078
-1.82988
-2.00619
-1.66761
-1.69677
-1.86134
-1.65285
-1.49117
-1.93854
-1.69
-1.49497
-2.13311
-1.82273
-1.77771
-1.88484
-1.5825
-1.17434
-1.67302
-1.70931
-1.75193
-1.89716
-1.65452
-1.97836
-1.83713
-1.87228
-1.64782
-1.82512
-1.84396
-2.13054
-1.75166
-1.99621
-1.88508
-1.74913
-1.67986
-1.71658
-1.82958
-1.88152
-1.80296
-1.40886
-1.79853
-1.6168
-1.42328
-1.74124
-1.88686
-1.62672
-1.51209
-1.85798
-1.77404
-1.41102
-1.80592
-2.07267
-1.4151
-1.83258
-1.87615
-1.38042
-1.60401
-1.30875
-1.75822
-2.00855
-1.18342
-1.7256
-1.75616
-1.71002
-1.44654
-1.38125
-1.678
-1.66173
-1.36415
-1.68121
-1.68291
-1.71399
-1.88795
-1.88234
-1.90876
-1.78772
-1.60321
-2.03426
-1.6705
-1.39857
-1.80328
-1.83207
-1.80365
-1.3292
-1.89046
-1.74834
-1.92773
-1.68463
-1.82953
-1.33151
-1.55911
-1.56397
-2.13207
-1.57381
-1.68856
-1.68169
-1.5005
-1.69717
-1.61846
-1.66102
-1.89898
-1.72718
-1.7337
-1.55215
-1.78547
-1.77229
-1.54846
-1.81589
-1.54137
-1.72504
-1.52668
-1.63701
-2.08581
-1.53227
-1.57584
-1.85929
-1.82324
-1.38686
-1.40401
-1.26719
-1.47784
-1.87193
-1.87356
-1.66426
-1.66806
-1.78892
-1.79328
-1.92688
-1.60542
-1.75836
-1.65535
-1.92152
-1.8216
-1.95024
-2.01205
-1.4213
-1.763
-1.92864
-1.59141
-1.68439
-1.84517
-1.59744
-2.09092
-1.81825
-1.49284
-1.88487
-2.18068
-1.60353
-1.86523
-1.50682
-1.63733
-1.81927
-1.40143
-1.21163
-2.03937
-1.83464
-1.68593
-1.62271
-1.54698
-1.58089
-1.57663
-1.61311
-1.85362
-1.51528
-1.55248
-1.71476
-1.46929
-1.79692
-1.57095
-1.52378
-1.62184
-1.84328
-2.00435
-1.56878
-1.75869
-1.79725
-1.70383
-1.59788
-2.14273
-1.48166
-1.93151
-1.41673
-1.54766
-1.91285
-1.62475
-1.74964
-1.87021
-2.09384
-1.96254
-1.52493
-2.21705
-1.3815
-2.03681
-1.50381
-1.8003
-1.42237
-1.81705
-1.52837
-1.69085
-1.70823
-1.617
-1.50685
-1.37101
-1.48168
-1.95423
-1.52563
-2.02526
-1.87248
-1.51182
-1.45197
-1.46298
-1.58939
-1.80875
-1.98624
-1.4248
-1.72895
-1.79298
-1.6722
-1.54126
-1.65307
-1.9527
-2.00036
-1.36691
-1.70276
-1.66867
-1.49466
-2.01325
-1.71193
-1.93841
-2.05234
-1.72035
-1.53245
-1.76771
-1.64991
-1.86041
-1.78955
-1.50476
-1.42546
-1.94983
-1.50075
-1.92844
-1.65407
-1.55079
-1.67583
-1.71425
-1.72846
-1.96601
-1.69565
-1.9043
-1.48945
-1.59308
-1.49797
-1.77256
-1.44603
-1.77926
-1.28927
-1.39382
-2.03207
-1.98829
-1.85276
-1.63221
-1.45929
-1.68737
-1.47956
-2.04915
-1.73548
-1.47369
-1.80741
-1.89921
-1.66127
-1.78843
-1.96695
-1.77468
-1.42241
-1.6071
-1.62737
-1.66045
-1.3821
-1.53345
-1.95163
-2.11202
-1.86344
-1.95317
-1.82509
-1.6033
-1.42891
-1.63244
-1.81676
-1.60698
-1.71222
-1.95893
-1.83414
-1.52122
-1.63533
-1.88035
-1.2715
-1.41051
-1.66508
-1.42066
-1.52749
-1.51688
-1.43127
-1.65687
-1.9872
-1.71319
-1.69251
-1.80248
-1.73014
-1.8797
-1.73205
-1.54996
-1.39778
-1.62264
-1.69851
-1.77572
-1.97574
-1.68821
-2.17511
-1.57766
-1.50134
-1.63694
-1.87699
-1.5206
-1.76828
-1.47831
-1.57886
-1.66742
-1.48673
-1.94639
-1.71889
-1.59567
-1.73708
-1.71432
-1.7369
-1.98518
-1.70794
-1.69398
-1.96304
-1.73602
-1.96726
-2.03251
-1.87043
-1.60324
-1.99216
-1.78117
-2.0066
-1.93401
-1.53814
-2.18436
-1.68102
-1.58631
-1.82616
-1.70332
-1.58992
-1.73481
-1.50684
-1.6737
-1.62243
-1.47054
-1.57248
-1.9803
-1.16692
-1.63102
-1.42166
-1.63235
-2.02932
-1.6313
-1.62705
-1.57552
-1.74021
-1.72764
-1.76253
-1.42217
-1.70865
-1.89136
-1.68569
-1.88214
-1.93691
-1.77036
-1.62024
-1.29208
-2.03143
-1.95325
-1.56417
-1.46258
-1.56179
-1.85757
-1.8939
-1.81708
-1.40161
-1.40069
-1.48757
-1.93789
-1.63223
-1.74897
-1.26296
-1.49457
-1.51132
-1.3953
-1.80629
-1.90606
-1.81978
-1.90619
-1.89809
-1.90347
-1.36463
-1.88188
-1.8962
-1.86884
-1.77796
-1.95522
-2.00256
-1.77341
-2.05071
-1.87181
-1.92695
-1.48947
-1.7427
-2.00088
-1.7763
-1.86815
-1.51415
-1.54712
-1.66623
-1.84583
-1.76159
-1.4955
-1.68337
-1.74605
-1.65429
-1.35529
-2.2337
-1.74916
-1.59456
-1.52872
-1.68432
-1.68918
-1.37997
-1.4277
-1.94965
-1.95209
-1.74187
-1.72985
-1.96277
-1.67888
-1.74041
-2.11041
-2.17686
-1.74402
-1.89978
-1.69565
-1.6466
-1.65786
-1.74597
-1.42913
-1.38514
-1.65591
-2.00572
-1.7146
-1.53762
-1.78491
-1.21528
-1.57849
-1.8647
-1.90185
-1.60235
-1.91184
-1.80912
-1.8404
-1.41309
-1.82607
-1.84795
-1.91594
-1.78577
-1.37918
-1.68305
-1.71895
-1.70048
-2.01577
-1.8808
-1.72923
-1.7465
-1.3905
-1.76093
-1.51229
-1.84641
-1.29447
-1.72455
-1.48103
-1.57628
-1.44458
-1.93306
-1.69095
-1.59367
-1.53563
-1.34049
-1.88302
-1.47156
-2.07081
-1.654
-1.81632
-1.49667
-1.70571
-1.70018
-2.06028
-1.85553
-1.41313
-1.96495
-1.9369
-1.45085
-2.07295
-1.68072
-1.62803
-1.69905
-1.73032
-1.32324
-1.63319
-1.68036
-1.72531
-2.02901
-2.01454
-1.7836
-1.72554
-1.68829
-1.80745
-1.56289
-1.80833
-1.66417
-1.56049
-1.76207
-1.77999
-1.41609
-1.70697
-1.80003
-1.77335
-1.76374
-1.99373
-1.699
-1.51186
-1.98842
-1.91862
-2.15349
-2.06037
-1.8296
-1.85422
-1.7314
-1.66937
-1.92721
-1.89742
-1.83122
-1.72637
-1.74291
-1.73034
-1.72868
-1.79651
-1.70773
-1.88926
-1.62037
-1.74691
-1.89928
-1.97296
-1.76866
-1.81915
-1.37317
-1.50764
-1.64558
-1.89649
-1.83068
-1.65896
-1.4905
-2.1445
-1.63921
-1.6527
-1.41234
-1.89048
-1.5731
-1.80037
-2.20622
-1.94492
-1.3523
-1.78899
-1.63324
-1.77509
-1.91554
-1.898
-2.18689
-1.63011
-1.68483
-1.37033
-1.54593
-1.45988
-1.58004
-2.06059
-1.58701
-1.73791
-1.66997
-1.75827
-1.53096
-1.85932
-1.37808
-1.43873
-1.57928
-1.56423
-1.59474
-1.9062
-1.56723
-1.76966
-1.5824
-1.7206
-2.02661
-2.09743
-1.51357
-1.35566
-1.70799
-1.79763
-2.04357
-1.81792
-1.54392
-1.55031
-1.88006
-1.74933
-1.72347
-1.96602
-1.51463
-2.05599
-1.80621
-1.45551
-1.77083
-1.58851
-1.86031
-1.73485
-1.98179
-1.44716
-1.65973
-1.8965
-1.90678
-1.32884
-1.51568
-1.61225
-1.99395
-1.55031
-1.48302
-2.0232
-1.59218
-1.61147
-1.79424
-2.02577
-2.06623
-1.34873
-1.71789
-1.84024
-1.90921
-1.59037
-1.8799
-1.97059
-1.59111
-1.74651
-1.58037
-1.70887
-2.36191
-1.4708
-1.88484
-1.72363
-2.07913
-1.63552
-2.27488
-1.93668
-1.9707
-2.15062
-1.88041
-1.68011
-1.37463
-1.82223
-1.54914
-1.52816
-1.58016
-1.72055
-1.73158
-1.90403
-1.89368
-1.59777
-1.72837
-1.8695
-1.49058
-1.69614
-2.24932
-1.29169
-1.68579
-1.6752
-2.01036
-1.66075
-1.69642
-1.45502
-1.39865
-1.78063
-1.62041
-1.43611
-2.05078
-1.79981
-1.62935
-1.93625
-1.84898
-1.54109
-2.10254
-1.64186
-1.60409
-1.93379
-1.90994
-1.46049
-1.67741
-1.82754
-1.71267
-1.39826
-1.80962
-1.74437
-1.87756
-1.67723
-1.73106
-2.06542
-1.89708
-1.67191
-1.64236
-1.59249
-2.21585
-2.03816
-1.55796
-1.99746
-1.91485
-1.70233
-1.84348
-1.88628
-1.73947
-1.85057
-1.5923
-1.61812
-1.59836
-1.49275
-1.68042
-1.78164
-1.64541
-2.07174
-1.82444
-1.83459
-1.9415
-1.84573
-1.69773
-1.85901
-1.61881
-1.91678
-1.76696
-2.20997
-1.35032
-1.76663
-1.54462
-1.57488
-1.56943
-1.73598
-1.7499
-1.39024
-1.7544
-1.62922
-1.94152
-1.705
-1.76626
-1.87947
-1.67349
-2.00412
-2.10872
-1.30472
-1.68838
-1.76115
-1.51227
-1.83862
-1.83672
-1.59419
-1.738
-1.81261
-1.59894
-1.57791
-1.93297
-1.56942
-1.12451
-1.73956
-1.71923
-1.85827
-1.61046
-1.63985
-1.65391
-1.51714
-1.9172
-1.65615
-1.80801
-1.71706
-1.68922
-1.53362
-1.40273
-1.85707
-2.11932
-1.44619
-1.7217
-1.87085
-1.71735
-1.94039
-1.61031
-1.9683
-2.01957
-1.95969
-1.42575
-1.66878
-1.60566
-1.71282
-1.43761
-1.55889
-1.82868
-1.49611
-1.68696
-1.71033
-1.69695
-1.67676
-1.58741
-1.98437
-1.69338
-1.47381
-1.66866
-1.70406
-1.80222
-1.83019
-1.43608
-1.31971
-1.66373
-1.59053
-2.01634
-1.73833
-2.04954
-1.70592
-1.92674
-1.86736
-1.53877
-1.99341
-1.92792
-2.08878
-1.65911
-1.31123
-1.82699
-1.75089
-1.93982
-1.54361
-1.6491
-1.91465
-1.44748
-2.0066
-1.71354
-1.76822
-1.63626
-1.86741
-1.99562
-1.55796
-1.83086
-1.97939
-1.46888
-1.99896
-1.99227
-1.64305
-1.65856
-1.61801
-1.47836
-1.92459
-1.83993
-1.93935
-1.71949
-1.57305
-1.76759
-1.72949
-1.76274
-1.50447
-1.43854
-1.5248
-1.82757
-1.55312
-1.20845
-1.66249
-1.74378
-1.5592
-1.95752
-2.09704
-1.82559
-1.36242
-1.75824
-1.2614
-1.55641
-1.85228
-1.84791
-2.02979
-1.96665
-1.73252
-1.5691
-1.86833
-1.59152
-2.09707
-1.74658
-1.71973
-1.54909
-1.546
-1.50256
-1.95433
-2.06765
-1.89257
-1.77384
-1.56306
-1.91797
-1.64254
-1.77551
-1.86924
-1.67742
-1.57247
-1.76518
-1.38186
-1.53089
-1.75239
-1.86961
-1.84164
-1.62039
-1.67461
-1.59288
-1.70488
-1.59135
-1.516
-1.83214
-1.87668
-1.79357
-1.26255
-1.47362
-1.93253
-1.94952
-1.64755
-1.75426
-1.85501
-1.6748
-1.64649
-1.25471
-1.83836
-1.50864
-1.76987
-1.65082
-1.6182
-1.67989
-1.78915
-1.46675
-1.78716
-1.19948
-1.74484
-1.93693
-1.64751
-1.76877
-1.30512
-1.69991
-1.85399
-1.42112
-1.41444
-1.61448
-1.70075
-1.78793
-1.8026
-1.96623
-1.84949
-2.10326
-1.36186
-1.56659
-1.7492
-1.76872
-1.78813
-1.90728
-1.99749
-1.66639
-1.43167
-1.65663
-1.47819
-1.85396
-1.75004
-1.56482
-2.01729
-1.66334
-1.836
-1.61159
-1.78089
-1.49344
-1.90344
-1.50618
-1.76199
-1.59255
-1.69597
-1.54935
-1.69736
-1.81504
-2.061
-1.65333
-1.43207
-1.40455
-1.94585
-1.50316
-1.8874
-1.41964
-1.89682
-1.45692
-1.77206
-1.55104
-1.90041
-1.74621
-1.63753
-1.73946
-1.6587
-2.1395
-1.39003
-1.71628
-2.06759
-1.95435
-1.49655
-1.81943
-1.62135
-1.8839
-1.63898
-1.84492
-1.89009
-1.54009
-2.122
-1.9494
-1.42212
-1.42232
-2.10964
-1.51216
-2.1459
-1.8512
-1.75272
-1.76216
-1.76193
-1.67948
-1.81324
-1.65762
-1.82092
-1.76806
-1.48774
-1.71027
-1.79766
-2.06486
-1.51914
-1.80731
-1.91005
-1.8984
-1.91092
-1.7408
-1.79753
-1.70257
-2.11927
-1.22766
-1.50758
-1.56439
-1.6843
-1.78211
-1.59577
-1.64944
-1.81486
-1.98121
-1.69304
-1.87605
-1.78993
-1.53394
-1.99779
-1.58015
-1.89975
-1.97097
-1.67568
-1.739
-1.51637
-1.93515
-1.69726
-1.68053
-1.42531
-1.95979
-1.82857
-1.55973
-1.79607
-1.84469
-1.79181
-1.52842
-1.60166
-1.74411
-1.91348
-1.7632
-1.92732
-1.85437
-1.42971
-1.32483
-1.74947
-2.12012
-2.13135
-1.90448
-2.05633
-1.72382
-1.75436
-1.68341
-1.82751
-1.67901
-1.5822
-1.93652
-1.71433
-1.71179
-1.6502
-1.67959
-1.54354
-1.65576
-1.99695
-1.59092
-1.29439
-1.62913
-1.74331
-1.5045
-1.73092
-1.85964
-1.51889
-1.63192
-1.79838
-1.67832
-1.44648
-1.74834
-1.79004
-1.61549
-1.69146
-2.09254
-1.9057
-1.7878
-1.89301
-1.66891
-1.9065
-1.66271
-1.67356
-1.47913
-1.8209
-1.38683
-1.74198
-1.53904
-1.68801
-1.27417
-1.82053
-1.89986
-1.94427
-1.9521
-1.99455
-1.97162
-1.7556
-1.68563
-1.71692
-1.77393
-1.39918
-1.81599
-1.7999
-1.42794
-1.73748
-1.80288
-1.36828
-1.55403
-1.72307
-1.63003
-1.41704
-1.54188
-1.8971
-1.56906
-1.77666
-1.57972
-1.51821
-1.67439
-2.12421
-1.84444
-1.4261
-1.67923
-1.47814
-1.96239
-1.97131
-1.92923
-1.67136
-1.73093
-1.87914
-1.77386
-1.4216
-1.57604
-1.93628
-1.56947
-1.60013
-1.76192
-1.7704
-1.74219
-1.78277
-1.91372
-1.55455
-1.44391
-1.97174
-1.97168
-1.85942
-2.103
-1.6225
-1.35537
-1.73702
-1.87521
-1.86908
-1.73337
-1.34765
-1.79208
-1.69558
-2.03955
-2.18597
-1.95508
-1.38332
-2.06971
-2.09809
-1.90252
-1.93369
-1.65115
-1.35579
-1.7631
-1.59253
-1.74687
-1.67854
-1.75202
-1.6935
-1.61015
-1.55347
-1.38048
-1.1861
-2.15037
-1.82455
-1.31591
-2.06608
-1.84227
-2.1764
-1.6376
-1.5279
-1.83726
-1.62637
-1.57981
-1.74085
-1.61797
-1.69103
-1.96014
-1.64047
-1.44485
-1.70323
-1.74119
-2.11963
-1.98743
-1.68095
-1.93993
-1.49222
-1.95108
-1.56829
-1.66463
-1.47559
-1.66374
-1.69119
-1.26692
-1.64863
-1.75655
-1.98418
-1.46202
-2.03502
-1.81319
-1.76165
-1.82962
-1.57116
-1.83896
-2.07076
-1.58039
-1.79484
-1.77649
-1.7057
-1.60242
-1.60485
-1.50189
-1.71809
-1.55947
-1.32442
-1.89352
-1.53846
-1.52596
-1.66674
-1.63274
-1.96377
-1.51201
-1.8306
-1.82882
-1.89423
-1.72088
-1.50701
-1.80502
-1.73407
-2.17675
-1.97628
-1.72338
-1.65254
-2.36426
-1.91937
-1.81562
-1.66925
-1.79905
-1.89023
-1.58323
-1.41165
-1.67968
-2.0223
-1.382
-1.48063
-1.97946
-1.59076
-1.90724
-1.54001
-1.77557
-1.8228
-1.49169
-1.44728
-1.6037
-1.54118
-1.6683
-1.75847
-1.83725
-1.5919
-1.49425
-1.55613
-1.90312
-1.88586
-1.76126
-1.90987
-1.75147
-1.94558
-1.8016
-1.78212
-1.59554
-1.77511
-1.44284
-1.84667
-1.5574
-1.74562
-1.63473
-1.7568
-1.90261
-1.83885
-1.80726
-1.86621
-1.55175
-1.82217
-1.62294
-1.52022
-1.51701
-1.59923
-1.58601
-1.90641
-1.54977
-1.82828
-1.76054
-1.66658
-1.68948
-1.86569
-1.98852
-1.89976
-1.67128
-1.82403
-1.6701
-1.81002
-2.09354
-1.96811
-1.58107
-1.62406
-1.78039
-1.78024
-1.64195
-1.55329
-1.71027
-1.7987
-1.85628
-1.78037
-2.15524
-1.75946
-1.5697
-1.97014
-1.74469
-2.1314
-1.78709
-1.49118
-1.5203
-1.47602
-1.94129
-1.65562
-1.70516
-1.8494
-1.17151
-1.82397
-1.78107
-1.5952
-1.61429
-2.00265
-1.8435
-1.46977
-1.62626
-1.71705
-1.66229
-1.47557
-1.69419
-1.77463
-1.58894
-1.32585
-1.66025
-1.79959
-1.92587
-1.69803
-1.8557
-1.61466
-1.83613
-1.4589
-1.42554
-1.32089
-1.90372
-1.44493
-1.82413
-1.84076
-1.66468
-1.27093
-1.47252
-1.72349
-1.98289
-1.59584
-1.86866
-1.94574
-1.94124
-1.67903
-1.93225
-1.60526
-1.44312
-1.84335
-1.52589
-1.94105
-1.91731
-1.52563
-1.79437
-1.83251
-1.78257
-1.94179
-1.88434
-1.55256
-1.75667
-1.80071
-1.71693
-1.84232
-1.57529
-1.93025
-1.94806
-1.97435
-1.63286
-1.4109
-1.97271
-1.6997
-1.69845
-1.56659
-1.36692
-1.71201
-1.85134
-1.53057
-1.74614
-1.85046
-1.73221
-1.86688
-1.75412
-1.55556
-2.18274
-1.69658
-1.73975
-1.85506
-1.41029
-1.70332
-1.74791
-1.89676
-1.62634
-1.92985
-1.66817
-1.92034
-1.94337
-2.31711
-1.9326
-1.73482
-1.89329
-2.24185
-1.90524
-1.44369
-1.64392
-1.98164
-1.94487
-1.86311
-1.67211
-1.48751
-1.52057
-1.71867
-1.87604
-1.34768
-1.36659
-1.85454
-1.70422
-2.03335
-1.83082
-1.87081
-1.59316
-2.0147
-1.79782
-1.57787
-1.70963
-1.89063
-1.56967
-1.67272
-2.07846
-1.88762
-1.8687
-1.7882
-1.64082
-1.56804
-1.99663
-1.58918
-1.54721
-1.66324
-1.62852
-1.77232
-1.69607
-1.72925
-1.73465
-1.63199
-1.59716
-1.82113
-1.92964
-1.77348
-1.92885
-1.68304
-1.73654
-1.38056
-1.75457
-1.55053
-1.7912
-1.6146
-1.43535
-1.63975
-1.49465
-1.41078
-1.59905
-1.68237
-1.9504
-1.38771
-1.46192
-1.47958
-1.87852
-1.96093
-1.80511
-1.7751
-1.94952
-2.12447
-1.67242
-1.64066
-1.75583
-1.5949
-1.70104
-1.55474
-1.79575
-1.84272
-1.67543
-1.47128
-1.29216
-1.77121
-1.73482
-1.76517
-2.11927
-1.59916
-2.07106
-1.8585
-1.80196
-1.60237
-1.85479
-1.8125
-2.04996
-1.68196
-1.69501
-1.96755
-1.39911
-1.48889
-1.98482
-1.64634
-2.03462
-1.62138
-1.67755
-1.61843
-1.82267
-1.62761
-1.59579
-2.00198
-1.72255
-1.78994
-1.79909
-1.47062
-1.98972
-1.74012
-1.73058
-1.8917
-1.37856
-1.78035
-1.97304
-1.84528
-1.59641
-1.51196
-1.49027
-2.01417
-1.96399
-1.51407
-2.04605
-1.78672
-1.94066
-1.66046
-1.62026
-1.7275
-1.84607
-1.6696
-1.85027
-1.78808
-1.73299
-1.54344
-1.92788
-1.42997
-1.8406
-1.97474
-2.15604
-2.02506
-1.53269
-1.44013
-1.76749
-1.77299
-1.83299
-1.69497
-1.63916
-1.76756
-2.01175
-1.40039
-1.86106
-1.89155
-2.05809
-1.44931
-1.60947
-1.71084
-1.77942
-1.64389
-1.87258
-1.50697
-2.03801
-1.66925
-2.09932
-1.85684
-1.74925
-1.90746
-1.67018
-2.10095
-1.45135
-1.69585
-1.81946
-1.75689
-1.814
-1.53028
-1.77456
-1.78171
-1.43991
-2.12316
-1.8852
-1.55401
-1.48701
-1.86632
-1.53252
-1.67537
-1.78876
-1.841
-1.42729
-1.92996
-2.01886
-1.80045
-1.65367
-1.70314
-1.93031
-1.58406
-1.94109
-1.49827
-1.43816
-1.6922
-1.74139
-1.59347
-1.71302
-1.44981
-1.55846
-1.79462
-1.76789
-1.87694
-1.80311
-1.68493
-1.97714
-1.60455
-1.83046
-1.82394
-1.69189
-1.56216
-1.25686
-1.61587
-1.70605
-1.45264
-1.92753
-1.78103
-1.69515
-2.02207
-2.0931
-2.0224
-1.74584
-1.55881
-1.83808
-1.60847
-1.44151
-1.77026
-1.90982
-1.52556
-1.45778
-1.87736
-1.91047
-1.85954
-1.46393
-1.82507
-2.02203
-1.9018
-1.65327
-1.60239
-2.06243
-1.65856
-1.73683
-2.10439
-1.69897
-1.6041
-1.61594
-1.64402
-1.75579
-1.70844
-1.9985
-2.14562
-2.03031
-1.57241
-1.72821
-2.01274
-1.68204
-1.70641
-1.77019
-1.769
-1.18354
-1.76539
-1.46851
-1.70094
-1.76671
-2.1184
-1.74223
-1.876
-1.54095
-1.77851
-1.80092
-1.72998
-1.5907
-1.64115
-1.75278
-1.55981
-1.64277
-2.01831
-1.79238
-1.74764
-2.08843
-1.56992
-1.59158
-1.57497
-1.85704
-1.95869
-2.11471
-2.13633
-1.97071
-1.99526
-1.51966
-1.50285
-1.76421
-1.74356
-1.30424
-1.68
-2.138
-1.54191
-1.6831
-1.5223
-1.54983
-1.75188
-1.79921
-1.63412
-2.00153
-1.52253
-1.79158
-1.48811
-1.63284
-1.99381
-1.48941
-1.7462
-2.30595
-1.83765
-1.84065
-1.72877
-2.01913
-1.83211
-1.52605
-1.95803
-1.55278
-1.99736
-1.54029
-1.14615
-1.72964
-1.77144
-1.48928
-1.71658
-1.72826
-1.66619
-1.71736
-1.49146
-1.5327
-1.78334
-1.70925
-1.29847
-1.68858
-1.91854
-2.03798
-1.78976
-1.50378
-1.58007
-1.62952
-1.88933
-1.61219
-1.60341
-1.88173
-1.58808
-1.76206
-1.55828
-1.81753
-1.57496
-1.62726
-1.51561
-1.69528
-1.72729
-1.52266
-1.7816
-1.74175
-1.78425
-1.867
-1.90279
-1.66702
-1.73217
-1.67222
-1.96911
-1.65777
-1.61347
-1.57065
-1.63732
-1.56315
-1.41964
-1.65409
-1.65757
-1.85012
-2.03253
-1.71474
-1.66446
-1.62533
-1.58738
-1.3886
-1.82857
-1.52663
-1.88412
-1.99358
-1.59797
-1.4655
-1.68534
-1.73822
-1.78625
-1.96005
-1.93331
-1.61007
-1.62199
-1.39656
-2.1786
-1.63051
-1.69604
-1.48271
-1.99472
-1.75176
-1.639
-1.27877
-1.76695
-1.95563
-1.88975
-1.91709
-1.4333
-1.94685
-1.78014
-1.79588
-2.09632
-1.67569
-1.51799
-1.86723
-1.49609
-1.6893
-1.60381
-1.83513
-1.6134
-1.78649
-1.99281
-1.56898
-1.52086
-2.00261
-1.34266
-1.93772
-1.72755
-1.4073
-1.89999
-1.56591
-1.81893
-1.64138
-1.77737
-2.07832
-1.67825
-1.66338
-1.72388
-1.71575
-1.7521
-1.69025
-1.98466
-1.638
-1.51034
-1.78979
-1.23122
-2.31427
-1.46794
-1.57113
-1.864
-1.38395
-1.98285
-1.92924
-2.11785
-1.93217
-1.45116
-1.65262
-1.69351
-1.54312
-1.43984
-1.33868
-1.86182
-1.7435
-2.14797
-1.95316
-2.16237
-1.74784
-1.84173
-1.85629
-2.01074
-1.75722
-1.63576
-2.01321
-2.10327
-1.65988
-1.75673
-1.36006
-1.61904
-1.82577
-2.05703
-2.1977
-1.53411
-1.97384
-1.69428
-1.64531
-1.71451
-1.46654
-1.45023
-1.73995
-1.58343
-1.589
-1.58742
-2.08101
-1.67113
-1.84557
-1.68762
-1.61831
-1.64697
-1.57868
-1.93632
-1.77719
-1.45977
-1.986
-1.77439
-1.80523
-1.74007
-1.98305
-1.8082
-1.44709
-1.66495
-1.45236
-1.75706
-1.72246
-1.77146
-1.84669
-1.86003
-2.01765
-1.67666
-1.5542
-1.46573
-1.82567
-1.82867
-1.7369
-1.43948
-1.91956
-1.66585
-1.7427
-1.60585
-2.02716
-1.28445
-1.55219
-2.06203
-1.93093
-1.87067
-1.53967
-1.75742
-1.43047
-1.6888
-1.68411
-1.82982
-1.50729
-1.61738
-1.73978
-1.82017
-1.75944
-1.35988
-1.91365
-1.47147
-1.75481
-1.7291
-1.51883
-1.87888
-1.82339
-1.71508
-1.76879
-1.3762
-1.73369
-1.70576
-1.57558
-1.60181
-1.44352
-1.75999
-1.80358
-1.52684
-1.67126
-1.68115
-1.6701
-1.77433
-1.48923
-1.80914
-2.01651
-1.81689
-1.75018
-1.60998
-1.54721
-1.73945
-1.79354
-1.43884
-1.66744
-1.96398
-1.35793
-1.89134
-1.83174
-1.43962
-2.28798
-1.55677
-1.94285
-1.279
-1.83087
-1.76266
-1.66853
-1.99855
-1.47669
-1.79132
-1.9181
-1.76434
-1.29031
-1.59186
-1.88679
-1.7833
-1.73674
-1.67549
-1.69471
-1.92554
-2.00669
-1.81875
-1.61868
-1.87346
-1.73044
-1.71715
-1.93005
-1.60826
-1.93503
-1.8859
-1.63824
-1.62574
-1.62513
-1.72327
-1.64435
-1.45384
-1.96211
-1.70561
-1.6118
-1.79765
-1.55066
-1.8346
-1.97817
-1.6421
-1.36368
-1.24753
-1.71046
-1.61771
-1.4975
-1.40248
-1.82801
-1.9656
-1.57513
-1.76968
-1.60376
-1.7041
-1.92361
-1.78557
-1.72065
-1.67
-1.75786
-1.37615
-1.98347
-1.61061
-2.10467
-1.54598
-1.83316
-1.71569
-1.48383
-1.79041
-1.89108
-1.81641
-1.95308
-1.51847
-1.61629
-1.8584
-1.68183
-1.49541
-1.77101
-2.27068
-1.80039
-1.76784
-1.70251
-1.62493
-1.6951
-1.69256
-1.68491
-1.76723
-1.71394
-1.65615
-1.65844
-1.47502
-1.7605
-1.60367
-1.82623
-1.66152
-1.86216
-2.046
-1.75029
-1.88801
-1.7735
-1.76485
-1.77278
-1.51331
-1.98523
-2.04432
-1.51063
-1.73853
-1.65572
-1.71124
-1.97605
-1.6337
-1.60652
-2.05695
-1.86145
-1.58925
-1.74862
-1.87746
-2.16307
-2.15469
-1.73665
-1.98902
-1.6349
-1.79857
-1.96846
-1.78679
-1.69995
-1.73484
-1.74098
-2.13577
-1.63342
-2.17321
-1.60834
-1.7363
-1.71885
-1.87356
-2.01176
-1.65568
-1.63853
-1.63947
-1.86675
-1.94872
-1.49093
-1.73244
-1.53084
-1.3095
-1.77282
-1.96764
-1.37988
-1.65167
-1.81152
-1.60049
-1.8172
-1.75282
-1.71955
-1.68424
-1.76698
-1.92634
-1.78235
-1.71366
-1.74835
-1.8414
-1.62143
-2.03313
-1.7866
-1.94117
-2.0306
-1.62383
-1.62406
-1.71674
-1.72055
-1.69118
-1.61298
-1.69202
-1.45926
-2.17116
-1.60399
-1.69239
-1.7895
-1.52924
-1.81305
-2.12314
-1.93813
-1.67741
-1.40117
-1.34848
-1.78203
-1.6303
-1.8397
-1.94607
-1.72716
-1.48022
-1.79158
-1.36548
-1.61612
-1.64944
-2.04701
-1.84592
-2.05903
-1.98129
-1.52904
-1.669
-1.40343
-1.45927
-1.62812
-1.80674
-1.72175
-2.09474
-1.56235
-1.32242
-1.83746
-1.87238
-1.89733
-1.72566
-1.60744
-1.59486
-1.28596
-1.36653
-1.9325
-1.74457
-1.34005
-1.7974
-1.89275
-1.81108
-1.96653
-2.07547
-1.7798
-1.95133
-1.6334
-1.67245
-1.89439
-1.85211
-1.88556
-2.28065
-2.12238
-1.70912
-1.83416
-1.91732
-1.7391
-1.99803
-2.24994
-1.79425
-2.00459
-1.50155
-2.00505
-1.43452
-1.5494
-1.47644
-1.9591
-1.45167
-1.41039
-1.70657
-1.53619
-1.98488
-1.7287
-1.89644
-2.05386
-1.73018
-1.67643
-1.90217
-1.49519
-1.47551
-1.65266
-1.80234
-1.43264
-1.72009
-1.98101
-2.15354
-2.06496
-1.86128
-1.37268
-1.8571
-1.57487
-2.04316
-1.46649
-1.79516
-1.89113
-1.35203
-1.54391
-1.82451
-1.71273
-1.82903
-1.82459
-1.71406
-1.83142
-1.67769
-1.78799
-1.71597
-1.59646
-2.02481
-1.62592
-1.81674
-1.5928
-1.76895
-1.63799
-1.79619
-1.88716
-1.36779
-1.36412
-1.56663
-1.92406
-1.80676
-1.55341
-1.55352
-1.90477
-1.46271
-1.62855
-1.66538
-2.00036
-1.48485
-1.31516
-1.59643
-1.68575
-1.60234
-1.76175
-1.46769
-1.45648
-1.69909
-1.74487
-2.19368
-1.83377
-1.57372
-1.76629
-1.43673
-1.67626
-1.7861
-1.55326
-1.94228
-1.69408
-1.69829
-1.71836
-1.82936
-1.66405
-1.82443
-1.48986
-1.63869
-1.72193
-1.93823
-1.76835
-1.92708
-2.12672
-1.76606
-1.98354
-1.79856
-1.30087
-1.85738
-1.73226
-1.44375
-1.81459
-1.95218
-1.80611
-1.89279
-1.78749
-1.64283
-1.43782
-1.79553
-1.33527
-1.61732
-1.87535
-1.7118
-1.79661
-1.57135
-1.72542
-1.40663
-1.72753
-1.55009
-1.29696
-1.78332
-1.83573
-1.87529
-1.62419
-1.62355
-1.83738
-1.8966
-1.56854
-2.11486
-1.66337
-1.32312
-1.57486
-1.85582
-1.89768
-1.7675
-2.03008
-1.93699
-1.62818
-1.97845
-1.75673
-1.55864
-1.67078
-1.87516
-1.69624
-1.41987
-1.92753
-1.74018
-1.64249
-1.67173
-1.47447
-1.68405
-2.02086
-1.7972
-1.86669
-1.87593
-1.82259
-1.90446
-1.99038
-1.7554
-1.84011
-1.52565
-1.59164
-1.33633
-1.64926
-1.42696
-1.79278
-1.43808
-1.76557
-1.71825
-1.59344
-1.49612
-1.67466
-1.62159
-1.72257
-1.607
-1.74871
-1.72942
-1.66788
-1.97938
-1.61564
-1.4529
-1.46745
-1.54174
-1.84407
-1.92284
-2.07658
-1.76835
-1.78116
-1.6244
-2.11033
-1.89535
-1.40809
-2.00257
-1.6627
-1.88002
-1.91854
-1.87745
-1.82392
-1.67213
-1.77752
-1.84794
-1.64242
-1.31303
-1.35578
-1.56582
-1.96932
-1.56656
-1.68467
-1.76326
-1.79063
-1.84136
-1.6155
-1.63627
-1.70763
-1.66432
-1.47872
-1.72155
-1.77662
-2.07229
-1.67329
-1.38323
-1.93232
-1.66449
-1.90127
-1.65277
-1.80418
-1.70124
-1.552
-1.72614
-1.77625
-1.07377
-1.50239
-1.6836
-1.62016
-1.61215
-2.06892
-1.69564
-1.51909
-1.50276
-1.83586
-1.87358
-1.69967
-1.69923
-1.76248
-1.37651
-1.63447
-1.8099
-1.66822
-1.53341
-1.65381
-1.8784
-1.85863
-1.77579
-1.76942
-1.93383
-1.69511
-1.78475
-1.74163
-1.75882
-1.77196
-1.81674
-1.76115
-1.91233
-1.70035
-1.76884
-1.60951
-1.77369
-1.50155
-1.50346
-1.83702
-1.50689
-1.97587
-1.4823
-1.86062
-1.56127
-1.67092
-1.9277
-1.66308
-1.69655
-1.7189
-1.62842
-1.89721
-1.43874
-1.757
-1.93497
-1.75094
-1.68153
-2.06506
-2.05266
-1.25488
-1.81371
-1.86314
-1.73082
-1.69711
-1.85048
-1.81463
-1.52824
-1.61339
-1.68903
-1.77018
-1.78017
-1.78448
-1.91082
-1.78285
-1.659
-1.69778
-2.07633
-1.49785
-1.51555
-1.7427
-1.82885
-1.82335
-1.8746
-1.97206
-1.7217
-1.38011
-1.89159
-1.62962
-1.70132
-1.68911
-1.68816
-1.46778
-1.958
-1.48448
-1.50909
-1.37776
-1.57806
-2.01701
-1.51904
-2.07556
-1.98798
-1.31088
-1.77804
-2.17902
-1.80158
-1.66557
-1.87289
-1.93844
-1.92715
-1.90151
-1.30729
-1.76389
-1.87415
-1.46537
-1.78214
-2.08634
-1.63797
-1.95001
-1.84612
-1.5398
-1.85418
-1.84174
-1.82716
-1.70323
-1.45298
-1.77781
-1.52374
-1.55085
-1.83847
-1.768
-1.81526
-1.50081
-1.75436
-1.74317
-1.514
-1.83975
-1.80324
-2.01194
-1.59275
-1.89287
-1.63425
-1.66529
-1.71143
-1.67573
-1.39299
-1.78707
-1.73258
-1.89451
-1.93327
-1.6729
-1.63466
-1.65771
-2.14848
-1.3985
-1.9263
-1.66678
-1.3991
-1.70317
-1.79003
-1.57175
-1.67301
-1.58772
-1.47551
-1.21583
-1.74721
-1.7717
-1.70779
-1.99114
-1.62359
-1.89928
-1.40514
-1.46896
-1.60067
-1.55105
-1.78345
-1.84109
-2.00003
-1.89734
-1.41231
-1.60109
-1.9258
-1.47399
-1.55935
-1.58848
-2.10282
-1.62998
-1.76453
-1.48133
-1.64449
-1.66295
-1.55682
-2.04614
-1.72554
-1.66531
-1.76948
-1.94688
-1.47524
-1.67305
-1.87379
-1.33627
-1.82559
-1.71191
-1.63677
-1.7253
-1.28452
-1.97714
-1.62355
-1.77871
-1.24854
-1.84952
-1.61145
-1.7608
-1.92811
-1.90905
-1.94905
-1.65133
-1.75659
-1.58804
-1.37891
-1.70712
-1.71157
-1.43845
-1.7055
-1.61088
-1.93027
-1.52225
-1.98961
-2.18243
-2.01433
-1.84678
-1.62925
-1.61522
-1.92539
-2.07341
-1.68736
-1.89419
-1.6879
-1.99769
-1.49222
-1.965
-2.17728
-1.4527
-1.6505
-1.68596
-1.56263
-1.78324
-1.93389
-1.77947
-1.55421
-1.84412
-1.76583
-1.5301
-1.77793
-1.53394
-1.82961
-1.64373
-1.83563
-1.74019
-1.51305
-1.48162
-1.6093
-1.5573
-2.03282
-1.69682
-1.55817
-1.58977
-1.9614
-1.74263
-1.7796
-1.6363
-1.56518
-1.77954
-1.53375
-1.68364
-1.78624
-1.66792
-1.45735
-1.37622
-1.66472
-1.49367
-1.97382
-1.90893
-1.86875
-1.72581
-1.72212
-1.86186
-1.5978
-1.57906
-1.56351
-1.54074
-1.64782
-1.90468
-1.81415
-1.62819
-1.79538
-1.88027
-1.728
-1.60135
-1.458
-1.92213
-2.08984
-1.8338
-1.93188
-1.57328
-1.74091
-1.77575
-1.85973
-1.84237
-1.62683
-2.26731
-1.7716
-1.76329
-1.66777
-1.37245
-1.69946
-1.53191
-1.80453
-1.85032
-1.77825
-1.87513
-1.58557
-1.71934
-1.90145
-1.45763
-1.88504
-1.72858
-1.35412
-1.50562
-1.7446
-1.90357
-1.94954
-2.00248
-2.04823
-1.58416
-1.55135
-1.61152
-1.52646
-1.52933
-1.6819
-1.83623
-1.77344
-1.81374
-1.50363
-1.7283
-1.26302
-1.69159
-2.09863
-1.55331
-1.69916
-1.88081
-1.79372
-1.81648
-2.00949
-2.04156
-1.62638
-1.56381
-1.57178
-1.97675
-1.94305
-1.76947
-1.73488
-2.02935
-1.94895
-1.51424
-1.47301
-1.71087
-1.76815
-1.62725
-1.55502
-2.06382
-2.04654
-1.14487
-1.67838
-1.96095
-1.85454
-1.71223
-1.92165
-1.67743
-2.03095
-1.91044
-1.78332
-1.53102
-1.86203
-1.50922
-1.5316
-1.66353
-1.46457
-1.76167
-1.67331
-1.65866
-1.70914
-1.5516
-1.55941
-1.64735
-1.60415
-1.763
-1.74395
-1.5318
-2.0247
-1.6233
-1.38529
-1.60482
-1.7819
-1.65063
-1.86837
-1.95187
-1.68842
-2.0894
-1.57513
-1.72444
-1.77179
-1.23298
-1.97409
-1.49555
-1.9541
-1.72098
-1.65945
-1.56493
-1.38043
-1.68173
-1.36469
-1.81735
-1.72206
-1.45922
-2.12028
-2.008
-1.46885
-2.18104
-1.90619
-1.60802
-2.04083
-1.77841
-2.0321
-1.73261
-1.63074
-1.73234
-2.07611
-1.75027
-1.48658
-1.65567
-1.69889
-1.68537
-1.67007
-2.06405
-2.06042
-1.62245
-1.67023
-1.79765
-1.73417
-1.99985
-1.90875
-1.65748
-2.09531
-1.93953
-1.7629
-1.57883
-1.48362
-1.96285
-1.74433
-1.48414
-1.68425
-1.88321
-1.96917
-1.89984
-1.51488
-1.50343
-1.76361
-1.3318
-1.43992
-1.46983
-1.63697
-1.83241
-1.86946
-1.79798
-1.61652
-1.81537
-1.59268
-2.1214
-1.36851
-2.08754
-1.93417
-1.53742
-1.69238
-1.98172
-1.88137
-1.78466
-1.50061
-1.76058
-1.80077
-1.75465
-1.47432
-1.87915
-2.02165
-1.71512
-1.55165
-1.93624
-1.71349
-1.62609
-1.34888
-1.61884
-1.67261
-1.82323
-1.61956
-1.84041
-1.8112
-2.08842
-1.77009
-1.90825
-1.92685
-1.84586
-1.84735
-1.52974
-1.83386
-1.68088
-1.76723
-1.46759
-1.39039
-1.6728
-1.40007
-1.58321
-1.71453
-1.45605
-1.90391
-1.75354
-1.74962
-1.86013
-1.66591
-1.61116
-1.8415
-1.52375
-1.67248
-1.45133
-1.87017
-1.31435
-1.81562
-1.79921
-1.66333
-1.54006
-1.99305
-1.77258
-1.91738
-1.87437
-1.67032
-1.52746
-1.49922
-1.77472
-2.00903
-1.69849
-1.37292
-1.88983
-1.505
-2.02569
-1.51164
-1.83748
-1.75614
-1.80443
-1.55781
-1.41306
-1.69718
-1.83461
-1.60886
-1.72331
-1.74102
-1.80338
-1.71253
-1.6569
-1.7191
-2.05527
-1.90937
-1.69694
-1.76522
-1.76389
-1.73401
-1.3756
-1.77039
-1.33483
-2.01111
-2.01037
-1.44465
-2.09389
-2.00587
-1.75319
-1.38901
-1.48209
-1.88569
-1.53611
-1.74707
-1.81448
-1.69663
-1.73855
-1.76586
-1.67451
-2.07936
-1.97078
-1.93998
-1.88908
-1.69317
-1.80505
-1.55702
-1.98893
-1.54911
-1.67686
-1.83115
-1.57351
-1.6405
-2.12644
-1.5427
-1.68309
-1.56449
-2.00051
-1.70535
-1.79323
-2.02285
-1.48616
-1.43356
-1.68025
-1.80899
-1.72465
-1.92906
-1.3835
-1.87194
-1.6925
-2.11233
-1.55754
-1.80762
-1.69768
-1.65229
-1.36287
-1.62936
-1.90727
-1.61065
-1.72865
-1.75993
-1.7608
-1.95206
-1.78098
-2.0884
-1.88551
-1.62524
-2.06654
-1.83952
-1.44979
-1.57614
-1.97479
-2.11336
-1.76414
-1.58294
-1.83237
-1.74717
-1.59512
-1.5864
-1.28535
-2.03268
-1.79909
-2.20013
-1.59948
-1.53723
-1.5765
-1.51401
-1.67721
-1.62944
-1.49684
-1.51757
-1.55856
-1.81407
-2.09909
-1.44896
-1.61733
-1.89254
-1.82563
-1.79764
-1.72063
-1.34454
-1.87674
-1.90486
-1.68433
-1.77392
-1.65339
-1.67143
-1.81438
-1.50931
-1.91758
-1.88181
-1.6616
-1.7601
-2.12683
-1.80561
-1.6443
-1.80605
-1.77128
-1.76414
-1.89103
-1.91213
-1.77649
-1.71964
-1.5289
-1.44862
-1.6332
-1.74477
-2.09051
-1.46133
-1.59536
-1.79812
-1.43962
-1.85337
-1.64597
-1.35274
-2.02242
-1.52326
-1.88049
-1.66837
-1.87864
-1.97165
-1.68109
-1.66218
-1.75173
-1.51079
-1.62768
-1.66676
-1.81098
-1.56015
-1.55449
-2.02916
-1.74575
-1.8579
-1.4694
-1.71186
-1.70451
-1.8914
-1.8616
-1.5447
-1.70644
-1.95812
-2.04935
-1.43119
-1.83152
-1.86667
-1.78771
-1.71744
-1.81932
-1.52073
-1.81173
-1.42206
-1.97978
-1.75736
-1.75745
-1.93161
-1.63693
-1.78344
-1.8633
-1.62239
-1.69623
-1.87906
-1.42407
-1.58189
-1.99874
-1.54302
-1.88322
-1.79999
-1.52993
-1.62438
-1.7093
-1.75351
-2.21387
-1.73836
-1.97999
-1.84042
-1.86059
-1.7324
-1.4318
-1.65478
-1.97119
-1.93067
-1.43942
-1.84069
-1.59596
-1.75808
-1.94994
-1.62868
-1.67865
-1.62456
-1.75048
-1.3426
-1.85094
-1.80689
-2.04519
-1.74235
-2.10612
-1.68961
-1.54401
-1.65712
-1.73596
-2.06705
-1.8779
-1.88164
-1.46186
-1.9052
-1.82823
-1.58897
-1.88934
-1.72686
-2.05809
-1.73142
-1.4024
-1.67402
-1.42681
-1.66444
-1.83632
-1.6102
-1.55879
-1.8494
-1.69862
-1.85253
-1.46865
-1.64858
-2.16332
-2.07816
-1.72091
-1.71479
-1.72849
-1.96763
-1.59246
-1.80766
-1.82979
-1.61207
-1.66473
-1.85651
-1.63637
-1.66654
-1.36184
-1.34219
-1.72528
-1.44324
-1.78029
-1.90901
-1.90499
-1.77378
-1.61303
-1.65943
-1.69106
-2.02801
-1.80123
-1.85469
-1.56631
-1.44913
-2.16368
-1.79029
-1.78646
-1.55127
-1.85092
-1.81249
-1.72206
-1.66561
-1.35129
-1.56721
-1.78195
-1.80367
-1.3098
-1.97179
-1.85079
-1.60186
-1.86768
-2.06509
-1.32852
-1.48494
-1.935
-1.70879
-1.66633
-2.00648
-1.57704
-1.59869
-1.85873
-1.78451
-1.50385
-1.7826
-1.81334
-1.71472
-1.32486
-1.43382
-1.67336
-2.116
-2.07455
-1.6239
-1.57651
-1.70498
-1.73666
-1.63095
-1.75435
-1.54904
-1.11993
-1.64512
-1.94941
-1.60604
-1.53406
-1.57554
-1.6869
-1.75055
-1.77596
-1.99594
-1.96533
-1.51734
-1.97435
-1.96055
-1.82554
-1.98316
-1.91213
-1.68341
-1.92219
-1.56004
-2.24727
-1.85485
-1.74593
-1.85727
-1.52214
-1.85173
-1.56515
-1.7454
-1.73681
-1.69141
-1.92901
-1.40945
-1.68178
-1.56557
-1.62684
-1.46393
-1.62373
-1.60966
-1.63479
-1.8038
-1.7912
-1.41685
-1.97595
-1.8647
-1.65473
-1.49936
-1.35312
-1.65499
-1.77553
-1.62639
-2.22895
-1.50052
-1.65205
-1.60272
-1.6935
-1.7243
-1.89819
-1.43958
-2.07732
-1.57718
-1.64109
-2.06754
-1.63799
-1.42849
-1.46393
-1.57311
-1.86413
-1.54309
-2.1017
-1.53474
-1.5423
-1.51317
-1.60851
-1.59624
-1.48861
-1.78064
-1.52899
-1.36524
-1.71816
-1.83391
-1.76171
-1.92764
-1.44439
-1.64998
-1.57424
-2.03133
-1.52553
-1.70962
-1.80731
-1.76512
-1.79057
-1.71667
-1.70086
-1.53783
-1.72654
-1.65899
-1.27564
-1.62111
-2.1015
-2.04103
-1.54642
-1.55816
-1.7814
-1.8192
-1.90629
-1.86747
-1.72868
-1.92693
-1.63635
-1.6354
-1.77695
-1.45793
-1.48816
-1.55079
-1.72413
-1.58125
-1.77723
-1.93474
-1.44733
-1.86199
-2.10748
-1.91081
-1.83265
-1.83461
-1.74731
-1.70132
-1.90081
-1.71797
-1.71758
-1.62546
-1.61752
-1.91211
-1.80405
-2.05241
-2.10499
-1.476
-1.40264
-1.91591
-1.45574
-1.31649
-1.32578
-1.61395
-1.90834
-1.6146
-2.01927
-1.83887
-1.54923
-1.63741
-1.63368
-2.04247
-1.51855
-1.65347
-1.72453
-1.85458
-1.68113
-1.57744
-1.54194
-2.11475
-1.84179
-1.65608
-1.78686
-1.77859
-1.7988
-1.93611
-1.74342
-1.83311
-1.5663
-1.70977
-1.56295
-1.70959
-1.79814
-1.6496
-1.84642
-2.04282
-1.69051
-1.51183
-2.16833
-1.67336
-1.53884
-1.26699
-2.10063
-1.73769
-1.4802
-1.82631
-1.88469
-1.60567
-1.36551
-1.34434
-2.02528
-1.69706
-1.7133
-1.78181
-1.74449
-1.6099
-1.60117
-1.5415
-1.92053
-1.63517
-1.75963
-1.7878
-2.03618
-1.71495
-1.5086
-1.67713
-1.63445
-1.69794
-1.81138
-1.76423
-1.59938
-1.98512
-1.67535
-2.36156
-1.63418
-1.97693
-1.79922
-1.63569
-1.66902
-1.60309
-1.79108
-1.87102
-2.1669
-1.68071
-1.78632
-1.70494
-1.39247
-1.637
-1.78614
-1.37955
-1.88221
-1.36249
-1.67629
-1.8325
-1.67976
-1.93338
-1.90489
-1.54104
-1.96163
-1.93386
-1.66188
-2.09127
-1.66774
-1.75583
-1.62135
-1.59126
-1.81537
-1.82722
-1.42818
-1.80961
-1.63941
-1.79742
-2.13114
-1.72359
-1.55059
-1.73231
-2.14552
-1.91873
-1.87764
-1.86186
-1.36291
-1.54036
-2.06644
-1.59947
-1.59278
-1.89213
-1.55901
-1.89526
-1.80115
-2.35949
-2.21079
-1.71278
-1.90763
-1.85363
-1.65465
-1.63016
-2.07041
-1.68483
-1.81823
-1.91061
-1.86564
-1.73043
-1.96579
-1.40238
-1.56436
-1.79645
-1.70866
-1.5471
-2.07416
-1.92337
-1.73123
-1.63341
-1.47905
-1.54916
-2.36934
-1.76079
-1.87099
-1.39328
-1.44545
-1.72594
-1.9109
-1.6096
-2.00002
-1.93488
-2.00249
-1.79988
-1.77498
-1.87722
-1.32741
-1.83628
-1.58771
-1.6429
-1.66975
-1.60988
-1.64562
-2.13655
-1.73649
-1.388
-1.50957
-1.73761
-1.86413
-1.56853
-1.70365
-1.82549
-1.78304
-2.0605
-1.94045
-1.72047
-2.03857
-1.68803
-1.39777
-1.43875
-1.86596
-1.93803
-1.99125
-1.3903
-1.72045
-1.72252
-1.85611
-1.95912
-1.61794
-1.93034
-1.85987
-1.5861
-1.91908
-1.89457
-1.4044
-1.54472
-1.37326
-2.06781
-1.85874
-1.74917
-2.02778
-1.75485
-2.21689
-1.68036
-1.58757
-1.84991
-2.00784
-1.8846
-1.49193
-1.83258
-1.7799
-2.22464
-2.17475
-1.72732
-1.5615
-1.5619
-1.82202
-1.68932
-1.58068
-1.81565
-1.99247
-1.94544
-1.8174
-1.8762
-1.57146
-1.60245
-1.87133
-1.94714
-1.61395
-1.86733
-1.88344
-1.72299
-1.70914
-1.78372
-1.79147
-1.82281
-1.80445
-1.92573
-1.81939
-1.49428
-1.6193
-1.59157
-1.59813
-1.38294
-1.64209
-2.02423
-1.94676
-1.82239
-2.12226
-1.66909
-1.9974
-1.67124
-1.77325
-1.64232
-1.82164
-1.59809
-1.7859
-1.60662
-1.53263
-2.06281
-1.51365
-1.89634
-1.92797
-1.55684
-2.3951
-1.38143
-1.81222
-1.5702
-1.59236
-1.63185
-2.01143
-1.6253
-1.92236
-2.29951
-1.54704
-1.45128
-1.62432
-1.56369
-1.78404
-1.83722
-1.8071
-1.49087
-1.69367
-2.06715
-1.95215
-1.68393
-1.95206
-1.85588
-1.94424
-1.72853
-1.60406
-1.79114
-1.27994
-2.06842
-1.72847
-1.60323
-1.80772
-1.90391
-1.88761
-1.92004
-1.94014
-1.66249
-2.04139
-1.67659
-2.19529
-1.78636
-1.85101
-1.60199
-1.59033
-1.89881
-2.04434
-1.54516
-1.61746
-1.85259
-2.00089
-1.66896
-1.76998
-1.77557
-1.54875
-1.48932
-1.70147
-1.72662
-1.3847
-1.94142
-1.50226
-2.02342
-1.81138
-2.00951
-1.73767
-1.58197
-2.12735
-2.06861
-2.00599
-1.62842
-1.44083
-1.7579
-1.69744
-1.91415
-1.6682
-1.83902
-1.60512
-1.58438
-1.67211
-2.20627
-1.63485
-1.73809
-1.37116
-2.2324
-1.99087
-1.82188
-1.87098
-1.8591
-1.61023
-1.91881
-2.15763
-1.94871
-1.91076
-1.6585
-1.77371
-1.66841
-1.68676
-1.94366
-1.62447
-1.3619
-1.78313
-1.45747
-1.39287
-1.35796
-1.98055
-1.65506
-1.78635
-1.32586
-1.66138
-1.74935
-1.59989
-1.6968
-1.62158
-1.70006
-1.57778
-1.48795
-1.87955
-1.79271
-1.52742
-1.52082
-1.92181
-1.75406
-1.8024
-2.26243
-1.81518
-1.50866
-1.89195
-1.79059
-1.97775
-1.32393
-1.47101
-1.4324
-1.42911
-1.42144
-1.59507
-1.82156
-1.64946
-1.69007
-1.64142
-1.66807
-1.85158
-1.68227
-1.8952
-1.63627
-1.19235
-1.61306
-1.50285
-1.62604
-1.77179
-1.78019
-1.94765
-2.05059
-1.80393
-1.77592
-1.68412
-1.59717
-2.08303
-1.93732
-1.62435
-1.69158
-1.90633
-2.04799
-1.56575
-1.78823
-1.94697
-2.066
-1.73235
-1.89793
-1.9065
-1.29815
-1.99391
-1.40336
-1.66609
-1.91217
-1.74488
-1.70454
-2.21093
-1.68698
-1.33393
-2.05353
-1.70242
-1.71198
-1.77134
-1.63974
-1.36708
-1.79709
-1.66508
-1.93944
-1.4243
-1.89641
-1.94382
-1.82633
-1.77392
-1.80673
-1.17572
-1.43892
-1.6593
-1.65904
-1.80154
-1.64619
-1.59549
-1.99577
-1.60098
-1.43034
-1.86771
-1.82524
-1.74173
-1.92861
-1.63863
-1.64745
-1.82964
-1.56025
-1.56049
-1.52477
-1.36875
-1.7633
-1.88094
-1.97006
-1.80851
-1.33437
-1.49273
-1.49895
-1.46266
-1.66444
-1.91517
-1.49403
-1.59685
-1.50926
-1.46383
-1.55618
-1.8647
-1.5791
-1.74026
-1.87033
-1.29621
-1.64228
-1.74636
-1.74178
-1.39744
-2.44419
-1.99856
-2.2576
-1.62253
-1.74927
-1.70326
-1.53604
-1.4514
-1.46399
-1.78088
-2.03625
-1.88425
-1.69586
-1.58844
-1.79526
-1.54443
-1.84031
-1.51301
-1.84413
-2.10078
-1.51398
-1.69144
-2.02954
-1.61938
-1.75419
-1.65808
-1.9237
-1.75515
-1.97138
-1.48058
-1.66802
-2.03362
-1.73058
-1.67962
-1.52542
-1.51563
-2.03523
-1.42536
-1.98199
-1.65972
-1.71574
-1.4542
-1.52083
-1.75353
-1.7718
-1.59302
-1.62868
-1.99592
-1.596
-1.66217
-1.72066
-1.65792
-1.88761
-1.66726
-1.48542
-1.82018
-1.79485
-1.25782
-1.5181
-1.63064
-1.50829
-1.65236
-1.45252
-1.48727
-1.67042
-1.594
-1.55331
-1.92086
-1.78283
-1.99012
-1.95968
-1.91907
-1.71616
-1.83012
-1.89745
-1.40602
-1.45587
-1.6507
-1.26774
-1.72942
-1.47373
-2.02692
-1.61172
-1.24978
-1.83163
-2.01587
-1.68633
-1.76366
-1.539
-2.11239
-1.7607
-1.27768
-1.25675
-1.94069
-1.71509
-1.7943
-1.94359
-1.74421
-1.91437
-1.75776
-1.87776
-1.57736
-1.37807
-1.89049
-1.60847
-1.98957
-1.53156
-1.49451
-1.7981
-1.88917
-1.98767
-1.93915
-1.91936
-1.72269
-1.45285
-2.15276
-1.79183
-1.71933
-1.51202
-1.53134
-1.64862
-1.6935
-1.78373
-1.76164
-1.12296
-1.82177
-1.85129
-1.59463
-1.80209
-1.81686
-1.82356
-1.86499
-2.05678
-1.49796
-2.0594
-1.89521
-1.14627
-1.82297
-1.55127
-2.04663
-1.99905
-1.65546
-1.62447
-1.37258
-1.6744
-2.13439
-1.60378
-2.05013
-1.7603
-1.46463
-1.61903
-1.69254
-1.93923
-1.90502
-1.92018
-1.70206
-1.74843
-1.39319
-1.95645
-1.80088
-1.62057
-1.70247
-1.76251
-1.70953
-1.55804
-1.56006
-1.70138
-1.59034
-1.82678
-1.57276
-1.85293
-1.68502
-1.84041
-1.35385
-1.71825
-2.05302
-2.08989
-1.71608
-1.72981
-1.86376
-1.88544
-1.67714
-1.49945
-1.7221
-1.81023
-1.86387
-2.17583
-1.74724
-2.04625
-1.85852
-2.16264
-1.60215
-1.72402
-1.77363
-1.86494
-1.72444
-1.6557
-1.9654
-2.03046
-1.749
-1.58366
-1.70153
-1.97625
-1.39704
-1.63591
-1.57324
-1.7465
-1.99834
-1.53061
-1.96009
-1.8184
-1.55824
-1.65333
-1.98404
-1.6122
-1.78533
-2.05389
-1.59255
-1.66963
-1.8547
-1.78838
-1.91082
-1.28273
-2.1526
-1.61549
-1.76242
-2.05371
-1.9922
-1.60791
-1.71749
-1.70962
-1.65168
-2.242
-1.72052
-1.62636
-1.34713
-1.97989
-1.39794
-1.72919
-1.93484
-1.9501
-1.75029
-1.95053
-1.88317
-1.90516
-1.80993
-1.70342
-1.3477
-1.89998
-1.68574
-1.58999
-1.63076
-1.9261
-2.09128
-1.84792
-2.03284
-1.72315
-1.20944
-1.30505
-1.80413
-1.90301
-1.63888
-1.96083
-1.52407
-1.6183
-1.5301
-1.6672
-1.88193
-1.84139
-1.67303
-1.73784
-1.68628
-1.78267
-1.67984
-1.72043
-1.79508
-1.50574
-1.87897
-2.13764
-2.05162
-1.74089
-2.07121
-1.53934
-1.62449
-1.79563
-2.09929
-1.70011
-1.74245
-1.93486
-1.84171
-1.54998
-1.67065
-1.98625
-1.91434
-1.90711
-1.75672
-1.72259
-1.57929
-1.6036
-1.46448
-1.47815
-1.89862
-1.89276
-1.01157
-1.64114
-1.67759
-1.95445
-1.78546
-1.97882
-1.80589
-1.91748
-1.46841
-1.79619
-1.66951
-1.63307
-1.9587
-1.52067
-1.83234
-1.86302
-1.71239
-1.66702
-1.77314
-1.5771
-1.78427
-1.58604
-1.75023
-1.59584
-1.45599
-1.93331
-1.48406
-1.74716
-1.72061
-2.00454
-1.71838
-1.88102
-1.71436
-1.78854
-1.43915
-1.79724
-1.76623
-1.44972
-1.69732
-1.68882
-1.66635
-1.65455
-1.93976
-1.42464
-1.80467
-1.67912
-1.81891
-1.62553
-1.81098
-1.71587
-1.90199
-1.34383
-1.83596
-1.72942
-1.33534
-1.74077
-1.70062
-1.70414
-1.48939
-1.58451
-1.93496
-1.76076
-1.52459
-1.27884
-1.95327
-1.54565
-1.89019
-1.8188
-1.93763
-2.14612
-1.988
-1.57863
-1.66664
-1.72088
-1.90154
-1.50067
-1.60403
-1.61653
-1.85133
-1.54505
-1.54169
-1.79753
-1.91654
-1.66806
-1.64007
-1.48022
-1.73927
-1.63647
-1.76613
-1.48711
-2.19827
-1.81023
-1.91486
-1.63523
-1.78317
-2.1949
-1.65246
-1.56593
-1.41091
-1.67994
-1.90146
-1.74715
-1.74222
-1.79149
-1.59608
-1.99303
-1.49925
-1.62876
-1.79196
-1.70772
-1.50596
-1.3547
-2.0792
-1.87961
-1.41373
-1.47148
-1.61301
-1.70077
-1.96371
-1.6068
-1.64508
-2.18729
-1.84622
-1.73125
-1.83738
-1.76651
-1.83516
-1.59383
-1.57258
-1.91389
-1.99352
-1.48023
-1.45205
-1.92235
-1.79279
-1.98266
-1.9547
-2.03531
-1.86967
-1.83036
-1.63067
-2.02852
-1.65383
-1.36511
-1.96199
-1.80423
-1.83655
-2.11515
-1.6837
-1.89654
-1.5893
-1.60471
-2.0603
-1.66493
-1.88193
-1.52624
-1.82188
-1.63346
-1.46026
-1.78756
-1.46564
-1.86155
-1.59596
-1.88874
-1.71348
-1.47061
-1.78288
-1.79094
-1.70548
-2.06473
-1.72218
-1.75699
-1.76501
-1.55965
-1.5524
-1.75447
-1.58619
-1.80939
-1.83583
-1.7749
-1.49679
-1.39154
-1.59381
-1.93429
-1.5564
-1.69867
-1.89208
-1.58575
-1.86332
-1.86351
-1.89038
-1.88296
-1.80144
-1.58232
-1.66822
-1.7073
-1.72557
-1.71128
-1.76607
-1.58067
-1.54013
-2.08013
-1.69295
-1.64632
-1.67109
-2.05607
-1.57811
-1.86278
-1.57757
-1.47928
-1.4826
-2.18634
-1.69985
-1.63208
-1.74188
-1.89014
-1.49398
-2.01429
-2.20507
-1.61124
-1.62554
-1.55608
-1.95554
-1.86342
-1.93114
-1.65769
-1.68503
-1.93752
-1.7608
-2.12775
-2.12453
-1.31672
-1.91011
-2.09807
-1.87793
-1.79398
-1.74611
-1.53811
-1.68905
-1.75829
-1.6642
-2.03606
-1.70127
-2.25393
-1.42852
-1.75281
-1.60165
-1.53939
-1.67683
-1.98239
-1.55051
-1.65564
-2.01783
-1.53909
-1.86084
-2.02203
-1.69686
-1.99348
-2.05255
-1.97782
-1.76095
-1.6418
-1.86015
-1.72591
-1.49569
-1.5397
-1.92503
-1.48272
-1.72074
-1.90517
-1.76891
-1.66077
-1.62552
-1.93566
-1.90022
-1.86201
-1.67278
-1.82405
-1.72653
-1.62259
-1.54611
-1.69752
-1.96758
-1.54849
-1.88135
-2.04342
-1.65829
-1.96648
-1.9176
-1.64299
-1.92648
-1.51549
-1.80748
-2.01205
-2.20215
-2.05712
-2.01675
-2.26096
-1.26332
-1.78854
-2.06482
-1.96145
-2.01866
-1.57535
-1.75528
-1.45263
-1.81381
-1.42849
-1.66255
-1.79539
-1.9957
-1.82237
-1.71175
-1.9222
-1.76607
-1.81331
-1.21081
-1.62673
-1.82308
-1.80578
-1.8845
-2.1289
-1.64093
-1.5859
-1.90964
-1.78218
-2.02072
-1.99019
-1.99047
-2.08356
-1.81787
-1.63898
-1.55866
-1.7331
-1.76903
-1.98809
-2.25026
-1.53389
-1.74108
-1.51628
-1.64069
-1.58764
-1.66028
-1.71691
-2.09314
-1.25966
-1.52712
-1.93781
-1.66286
-1.68909
-1.81546
-2.01739
-1.64921
-1.43297
-1.81696
-1.42383
-2.02362
-1.82992
-1.47305
-1.53868
-1.7436
-1.83759
-1.40384
-1.69837
-1.43947
-2.26132
-1.59803
-1.82443
-1.61328
-1.76643
-1.87029
-1.34547
-2.01124
-1.82386
-1.30721
