-1.71427
-1.62465
-1.8314
-1.864
-1.79605
-1.70771
-1.64522
-1.7795
-2.07012
-1.73445
-1.85821
-1.83552
-1.74116
-1.85153
-1.62869
-1.77277
-1.83009
-1.90046
-1.87173
-1.93406
-1.75615
-1.96305
-1.61689
-1.87235
-1.8055
-1.64851
-1.79423
-1.82982
-1.78636
-1.93888
-1.6811
-1.85042
-1.92307
-1.62507
-1.66698
-1.95623
-1.56329
-1.76584
-1.84527
-1.87938
-1.55543
-1.86263
-2.02202
-1.65707
-1.78208
-1.70017
-1.99936
-1.93203
-1.82159
-1.85067
-1.89033
-1.7526
-1.76528
-1.73391
-1.79066
-1.65181
-1.75167
-1.93729
-1.70236
-1.62491
-1.77722
-1.81995
-1.9877
-1.96611
-1.69625
-1.76243
-1.64323
-1.71245
-1.87822
-1.91229
-1.50891
-1.77109
-1.74278
-1.77531
-1.88515
-1.80523
-1.72286
-1.86644
-2.15805
-1.78715
-1.8813
-1.64919
-1.69603
-1.72513
-1.73866
-1.64475
-1.78128
-1.65814
-1.83175
-1.83027
-1.6303
-1.925
-1.98041
-2.02471
-1.72581
-1.87257
-1.80564
-1.84667
-1.86084
-1.69514
-1.77587
-1.87089
-1.77052
-1.72588
-1.74905
-1.70455
-1.79688
-2.02624
-1.6564
-1.75263
-1.46437
-1.77417
-1.64884
-1.98046
-1.70486
-1.78333
-1.83093
-1.9142
-1.75964
-1.90732
-1.88802
-1.75241
-1.92053
-1.8879
-1.81075
-1.60125
-2.07684
-1.89368
-1.7591
-1.69574
-1.96375
-1.85747
-1.65466
-1.72954
-1.71654
-1.78663
-1.49278
-1.94217
-2.01585
-1.74253
-1.52148
-1.7512
-1.78939
-1.73525
-1.81516
-1.924
-1.86671
-1.61117
-1.76331
-1.74246
-1.94504
-1.60517
-1.83522
-1.74531
-1.71467
-1.90975
-2.04124
-1.78248
-1.75957
-1.7095
-1.87881
-1.89748
-1.92461
-1.77911
-1.81048
-1.7547
-1.95877
-1.79619
-1.6805
-1.88446
-1.89895
-1.72228
-1.83425
-1.82589
-1.68937
-1.92278
-1.75301
-1.86268
-1.74455
-1.62022
-1.76573
-1.77114
-1.66715
-1.69543
-1.85612
-1.72417
-1.76477
-1.67518
-1.7649
-1.6747
-1.86751
-1.84817
-1.89217
-1.80562
-1.76851
-1.73327
-1.8202
-1.70247
-1.73086
-1.63987
-1.81103
-1.85609
-1.85551
-1.88653
-1.73871
-1.77435
-1.89141
-1.68795
-1.894
-1.53372
-1.79512
-1.77398
-1.72822
-1.81212
-1.80382
-1.72857
-1.81707
-1.81156
-1.68605
-1.78362
-1.75394
-1.80269
-1.86531
-1.89544
-1.73385
-1.8731
-1.74885
-1.66958
-1.82652
-1.8826
-1.83786
-1.90391
-1.77602
-1.90423
-1.70129
-1.84326
-1.83403
-1.65803
-1.9731
-1.76783
-1.90746
-1.57448
-1.56973
-1.8736
-1.84317
-1.71001
-1.83462
-1.6567
-1.91443
-1.8119
-1.6752
-1.92106
-1.94982
-1.71766
-1.85312
-1.92457
-1.51576
-1.80371
-1.7695
-1.5944
-1.97534
-1.81559
-1.86906
-1.71442
-1.71673
-1.87404
-1.79948
-1.87121
-1.94532
-1.79046
-1.76857
-1.64327
-1.77008
-1.79511
-1.74988
-1.7812
-1.77651
-1.96691
-1.82886
-1.80317
-1.68904
-1.83724
-1.70008
-1.63455
-1.75145
-1.71112
-1.86051
-1.77539
-1.80179
-1.57997
-1.53544
-1.61796
-1.75568
-1.64086
-1.74515
-1.8384
-1.96341
-1.71116
-1.79163
-1.98966
-1.80607
-1.70588
-1.59968
-1.9579
-1.78265
-1.79844
-1.89031
-1.80764
-1.72482
-1.8216
-1.71935
-1.75586
-1.65108
-1.87348
-1.88128
-1.92116
-1.80033
-1.69452
-1.72596
-1.89282
-1.67703
-1.60835
-1.67288
-1.91234
-1.88874
-1.88603
-1.83559
-2.04461
-1.65016
-2.0901
-1.97884
-1.77218
-1.70159
-1.74948
-1.85778
-1.68435
-1.77744
-1.67186
-1.92907
-1.70476
-1.75552
-1.76876
-1.79057
-1.81145
-1.57955
-1.76184
-1.59386
-1.76155
-1.77338
-1.78746
-1.72678
-1.80487
-1.79557
-1.99098
-1.99167
-1.96854
-1.74711
-1.91651
-1.74034
-1.68816
-1.74246
-1.81931
-1.87436
-1.91595
-1.79537
-1.66766
-1.62617
-1.77598
-1.83715
-1.77878
-1.62918
-1.81956
-1.87455
-1.76569
-1.76641
-1.79158
-1.69453
-1.67436
-1.75797
-1.75871
-1.99546
-1.60805
-1.56278
-1.90014
-1.69491
-1.97127
-1.82444
-1.92326
-1.71464
-1.78184
-1.52084
-1.79035
-1.79982
-1.80475
-1.65025
-1.78583
-1.62651
-1.83401
-1.95228
-1.74718
-1.81462
-1.78494
-1.7451
-1.76659
-1.87858
-1.74245
-1.79214
-1.66823
-1.74877
-1.90856
-1.91514
-1.88871
-1.80849
-1.57022
-1.71721
-1.77602
-1.68857
-1.77984
-1.55032
-1.50034
-1.70858
-1.71445
-1.60906
-1.84786
-1.70976
-1.90358
-1.98408
-1.81215
-1.81181
-1.76703
-1.65702
-1.74844
-1.70376
-1.84695
-2.057
-1.74956
-1.73937
-1.51817
-1.81603
-1.94269
-1.62054
-1.7698
-1.82696
-1.62873
-1.70603
-1.76029
-1.94883
-1.70595
-1.61639
-1.84946
-1.82412
-1.70948
-1.79941
-1.93719
-1.9268
-1.66753
-1.81709
-1.68648
-1.83162
-1.91249
-1.48805
-1.77668
-1.78216
-1.70625
-1.62261
-1.80725
-1.70372
-1.77848
-1.6268
-1.69038
-1.81526
-1.73537
-1.73998
-1.91419
-1.76611
-1.85401
-1.51564
-1.87474
-1.75653
-1.76079
-1.82867
-1.72384
-1.76892
-1.85332
-1.81019
-1.86159
-1.85974
-1.84546
-1.84049
-1.76883
-1.95691
-1.8471
-1.66811
-1.55085
-1.81121
-1.89585
-1.8555
-1.80803
-1.80631
-1.78319
-1.78015
-1.67897
-1.65741
-1.74468
-1.72862
-1.79089
-1.8225
-1.55239
-1.90683
-1.78767
-1.81117
-1.48808
-1.91932
-2.04951
-2.00795
-1.90378
-2.00039
-1.79291
-1.82099
-1.89638
-1.75846
-1.68332
-1.6985
-1.87081
-1.97918
-1.79132
-1.74357
-1.85453
-1.75966
-1.76456
-1.80067
-1.83764
-1.99193
-1.71885
-1.74028
-1.86106
-1.78727
-1.85043
-1.79406
-1.8159
-1.64285
-1.64471
-1.47698
-1.73072
-1.59299
-1.76015
-1.92408
-1.77149
-1.52985
-1.76196
-1.80252
-1.68483
-1.87308
-1.88239
-1.70081
-1.71691
-1.60029
-1.80498
-1.75527
-1.66046
-1.87213
-1.63755
-1.83962
-1.75933
-2.05645
-2.0268
-1.56721
-1.86937
-1.6118
-1.67347
-1.79293
-1.69824
-1.79397
-1.64464
-1.52804
-1.53327
-2.13231
-1.55105
-1.72991
-1.97023
-1.68855
-1.91145
-1.83687
-1.78628
-1.8684
-1.84828
-1.87067
-1.87032
-1.81754
-1.75755
-1.80738
-1.78539
-1.74325
-1.73814
-1.83459
-1.88241
-1.78546
-1.69825
-1.5807
-1.89855
-1.78318
-1.75097
-1.79828
-1.79369
-1.81151
-1.82192
-1.83157
-1.89873
-1.70858
-1.89389
-1.64839
-1.58097
-1.74402
-1.67397
-1.79245
-1.5992
-1.97363
-1.5517
-1.76183
-1.76084
-1.80817
-1.58637
-1.8033
-1.79026
-1.85417
-1.8485
-1.80762
-1.77398
-1.7759
-1.7219
-1.82834
-1.82786
-1.56441
-1.6898
-1.80313
-1.83813
-1.69454
-1.77564
-2.0353
-1.55184
-1.8932
-1.95599
-1.85626
-1.89346
-1.58517
-1.75578
-1.79687
-1.97196
-1.77942
-1.83414
-2.01214
-1.71124
-2.07754
-1.80507
-1.91528
-1.6917
-1.75333
-1.92258
-1.81553
-1.8145
-1.82247
-1.64696
-1.65232
-1.65115
-1.65325
-1.70573
-1.74027
-1.72339
-1.78002
-1.61817
-1.72583
-1.79106
-1.9092
-1.87589
-1.83321
-1.83147
-1.66709
-1.71165
-1.75199
-1.82137
-1.86262
-1.9461
-1.80311
-1.66987
-2.04509
-1.9434
-1.74446
-1.90397
-1.96773
-2.07792
-1.68635
-1.68751
-1.61974
-2.12513
-1.6755
-1.69969
-1.6406
-1.83488
-1.68751
-1.9089
-1.7689
-1.75324
-1.86325
-1.75261
-1.69568
-1.69045
-1.76689
-1.73727
-1.84135
-1.78763
-1.45874
-1.73471
-1.70454
-1.85054
-1.701
-1.70123
-1.77892
-1.74498
-1.61842
-1.8391
-1.85618
-1.74608
-1.84107
-1.90979
-1.81436
-1.99199
-1.9485
-1.93215
-1.74868
-1.95439
-1.97503
-1.655
-1.9146
-1.88995
-1.82492
-1.72085
-1.88669
-1.86015
-1.63434
-1.76251
-1.74965
-1.71138
-1.94476
-1.82845
-1.84207
-1.76483
-1.94151
-1.91132
-1.79242
-1.6895
-1.83152
-1.91961
-1.69081
-1.77317
-1.82768
-1.74453
-1.74256
-1.8714
-1.8454
-1.86173
-1.796
-1.65292
-1.79689
-1.88481
-1.7214
-1.95149
-1.77636
-1.79204
-1.75577
-1.68492
-1.83231
-1.54466
-1.86371
-1.92903
-1.96528
-1.78643
-1.72697
-1.92104
-1.79151
-1.78871
-2.02711
-1.582
-1.8271
-1.86822
-1.52316
-1.84343
-1.67014
-1.869
-1.67812
-1.75181
-1.76396
-1.6267
-1.89006
-1.77835
-1.85457
-1.8662
-1.69748
-1.77302
-1.80906
-1.79102
-1.61756
-1.79765
-1.86822
-1.61022
-1.7029
-1.86403
-1.62397
-1.99068
-1.89703
-1.98281
-1.87471
-1.90088
-2.0253
-1.98627
-1.87616
-1.86589
-1.64336
-1.7813
-1.78506
-1.91723
-1.8296
-1.88113
-1.95106
-1.62979
-1.92391
-1.58331
-1.74832
-1.79713
-1.83857
-1.95878
-1.84995
-1.69278
-1.69608
-1.66748
-1.72346
-1.73912
-1.6065
-1.78902
-1.82248
-1.62124
-1.95112
-1.59827
-1.68682
-2.00915
-1.74401
-1.84422
-1.82392
-1.89749
-1.91476
-1.69695
-1.76198
-1.91369
-1.61034
-1.79909
-1.81928
-1.81012
-1.61692
-1.87193
-1.95816
-1.99699
-1.74354
-1.70082
-1.9994
-1.69294
-1.88929
-1.70333
-1.83667
-1.86474
-1.72734
-1.55294
-1.89755
-1.71211
-1.57551
-1.63651
-1.62033
-1.94606
-1.58232
-1.77348
-1.95644
-1.8955
-1.8985
-1.82797
-1.75364
-1.88011
-1.85145
-1.72153
-1.92317
-1.73658
-1.93731
-1.66055
-1.91646
-1.8431
-1.88963
-2.0013
-1.76965
-1.73116
-1.61936
-1.73764
-1.66414
-1.96613
-1.74988
-1.95262
-1.71825
-1.85291
-1.93692
-1.80377
-1.92206
-1.84629
-1.72515
-2.0095
-1.84067
-1.77937
-1.72618
-1.84933
-1.79909
-1.84616
-1.74738
-1.67602
-1.68841
-1.88978
-1.82717
-1.87983
-2.02784
-1.6764
-1.79248
-1.93811
-1.75537
-1.86533
-1.71173
-1.68207
-1.76259
-1.80939
-1.85949
-1.78006
-1.89694
-1.76682
-1.73195
-1.8363
-1.82106
-2.03245
-1.83806
-1.75378
-1.90665
-1.71828
-1.98699
-1.74614
-1.91224
-1.73716
-1.69884
-1.61873
-1.57259
-1.76563
-1.7491
-1.81964
-1.78166
-1.70499
-1.65657
-1.8535
-1.92823
-1.7875
-1.65879
-2.0153
-1.81042
-1.82083
-1.7624
-1.6603
-1.9097
-1.59879
-1.86212
-1.92402
-1.92592
-1.66329
-1.74722
-1.90909
-1.7419
-1.88937
-1.66183
-1.69747
-2.03711
-1.66744
-1.83819
-1.64512
-1.79636
-1.78316
-1.94342
-1.55667
-1.83349
-1.74401
-1.84059
-1.67883
-1.7755
-1.86203
-1.91399
-1.6184
-1.67557
-1.77112
-1.85943
-1.70424
-1.7432
-2.16922
-1.71287
-1.5312
-1.88019
-1.87522
-1.7835
-1.8499
-1.91413
-1.6574
-1.74284
-1.74257
-1.79165
-1.84898
-1.65242
-1.76288
-1.88481
-1.84687
-1.91915
-1.69362
-1.83305
-1.94206
-1.8307
-1.67964
-1.78172
-1.74933
-1.99234
-1.70555
-1.96503
-1.77564
-1.82768
-1.84302
-1.89463
-1.75552
-1.75599
-1.71971
-1.85045
-1.86148
-1.85137
-1.79065
-2.04657
-1.95655
-1.71506
-1.56464
-1.78845
-1.77638
-1.96342
-1.7788
-1.97998
-1.95796
-2.03294
-1.60411
-1.8411
-1.66194
-1.89748
-1.79343
-1.72568
-1.72818
-1.84139
-1.64896
-1.6533
-1.8956
-1.68917
-1.79822
-1.65445
-1.6885
-1.90079
-1.80581
-1.78489
-1.95797
-1.62741
-1.8242
-1.66854
-1.80723
-1.77887
-1.70006
-1.80194
-1.66337
-1.73554
-1.86701
-1.82476
-1.76318
-1.65664
-1.99677
-1.50983
-1.74745
-1.75679
-2.03151
-1.70209
-1.74923
-1.68632
-1.90775
-1.82138
-1.82599
-1.91109
-1.80965
-1.7594
-1.75963
-1.48967
-1.7421
-1.81736
-1.77918
-1.76103
-1.58448
-1.8437
-1.72153
-1.83673
-1.62529
-1.767
-1.62454
-1.80474
-1.9728
-1.76603
-1.62523
-1.92717
-1.75813
-1.95581
-1.70715
-1.80301
-1.88602
-1.69497
-1.61114
-1.76593
-1.79783
-1.84584
-2.13203
-1.74993
-1.72961
-1.78567
-1.87593
-1.89668
-1.83673
-1.85621
-1.75442
-1.89825
-1.74164
-1.64701
-1.79732
-1.79157
-1.60942
-1.92959
-1.74496
-1.82517
-1.77495
-1.83233
-1.79283
-1.68137
-1.76517
-1.82869
-1.72729
-1.8814
-1.97002
-1.83765
-1.81994
-1.83989
-1.72666
-1.89187
-1.65053
-1.98259
-1.50069
-1.67514
-1.92117
-1.74268
-1.62417
-1.67552
-1.65185
-1.88404
-1.89739
-1.82819
-1.86355
-1.68091
-1.74543
-1.83646
-1.98525
-1.83049
-1.79237
-1.68568
-1.79674
-1.91691
-1.87737
-1.87706
-1.56881
-1.84568
-1.73317
-1.71081
-1.60971
-1.69979
-2.00563
-1.88826
-1.62713
-1.68126
-1.76523
-1.92278
-1.85057
-1.67309
-1.685
-1.66578
-1.8037
-1.82718
-1.78193
-1.59529
-1.97085
-1.79848
-1.74513
-1.73037
-1.7495
-1.9116
-1.77428
-2.0966
-1.64719
-1.83701
-1.6433
-1.89304
-1.89704
-1.77135
-1.7727
-1.7407
-1.88808
-1.92486
-1.84839
-1.8589
-1.71842
-1.8923
-1.73709
-1.96015
-1.9378
-1.78794
-1.67668
-1.78899
-1.86325
-1.88812
-1.75001
-1.72362
-1.88299
-1.87348
-1.51189
-1.79557
-1.74895
-1.71113
-1.81991
-1.83747
-1.86501
-1.57724
-1.65948
-2.01033
-1.69262
-1.6017
-1.6698
-1.99806
-1.81721
-1.76148
-1.76324
-1.94806
-1.87915
-1.70671
-1.86186
-1.87081
-1.60232
-1.76488
-1.97038
-1.64114
-1.69803
-1.62788
-2.01099
-1.71128
-1.98124
-1.81629
-1.74154
-1.90589
-1.82956
-1.89584
-1.97193
-1.98566
-1.78075
-1.75782
-1.68117
-1.64157
-1.86883
-1.83806
-1.69504
-1.8746
-1.63716
-1.82685
-1.69967
-1.79428
-1.72172
-1.73825
-1.65176
-1.74223
-2.05402
-1.76642
-1.74589
-1.74198
-1.75427
-1.5974
-1.721
-1.91547
-1.73758
-1.66386
-1.83545
-2.07104
-1.68195
-1.97005
-1.73723
-1.84928
-1.56355
-1.48308
-1.84556
-1.74022
-1.93596
-1.93789
-1.78769
-1.83956
-1.60684
-1.85764
-1.6143
-1.62966
-1.75937
-1.83811
-1.83384
-1.83149
-1.88934
-1.88444
-1.7239
-1.56648
-1.79908
-1.79705
-1.92997
-1.58694
-1.7499
-1.78122
-1.91873
-1.86927
-1.7109
-1.64479
-1.67309
-2.07524
-1.60049
-1.6033
-1.66078
-1.64857
-1.60553
-1.52961
-1.857
-1.69073
-1.81356
-1.67295
-1.767
-1.74024
-1.75948
-1.76367
-1.8834
-1.76536
-1.87933
-1.72525
-1.79771
-1.77408
-1.81725
-1.74008
-1.73168
-1.92232
-1.80793
-1.78251
-1.59508
-1.67239
-1.85462
-2.11635
-1.5692
-1.88189
-1.83323
-1.95401
-1.76077
-1.93131
-1.9404
-1.81069
-1.64638
-1.68311
-1.70295
-1.63173
-1.93305
-1.85429
-1.79153
-1.83207
-2.0438
-1.7686
-1.77872
-1.81197
-1.61518
-1.7353
-1.73288
-1.67187
-1.72138
-1.86734
-1.7045
-1.72743
-1.63065
-1.8056
-2.01012
-1.9154
-1.76284
-1.62899
-1.91369
-1.60052
-1.56353
-1.82742
-1.80532
-1.83575
-1.81095
-1.73632
-1.78458
-1.80354
-1.82088
-1.91657
-1.64804
-1.74912
-1.75776
-1.98536
-1.69223
-1.82525
-1.70789
-1.90146
-1.83693
-1.71691
-1.80787
-1.67158
-1.73446
-1.7641
-1.82658
-1.89232
-1.84314
-1.60987
-1.92618
-1.72533
-1.84977
-1.86098
-1.72176
-1.64749
-1.79195
-1.63266
-1.80532
-1.89392
-1.73863
-1.9771
-1.93728
-1.7255
-1.59533
-1.82236
-1.83921
-1.79393
-1.80493
-1.79635
-2.0644
-1.82759
-1.74731
-1.74667
-1.9562
-1.88843
-1.72485
-1.80271
-1.7985
-1.73692
-1.75864
-1.81904
-1.79158
-1.80615
-1.86585
-1.6719
-1.88145
-1.72417
-1.76619
-1.88164
-1.64704
-1.86989
-2.04269
-1.66768
-1.74936
-1.73227
-1.76269
-1.69512
-1.60054
-1.5231
-1.81645
-1.64018
-1.80593
-1.86962
-1.75069
-1.77099
-1.6648
-1.84683
-1.60782
-1.75362
-1.68303
-1.55697
-1.92814
-1.79358
-1.87139
-1.8126
-1.9442
-1.89336
-1.75907
-1.70585
-1.75697
-1.81765
-2.03821
-1.89767
-1.77967
-1.65578
-1.58207
-1.88075
-1.68979
-1.63699
-1.76588
-1.68898
-1.76736
-1.6209
-1.74711
-1.86169
-1.70474
-1.79548
-1.58558
-1.88663
-1.68368
-2.11207
-1.83867
-1.75783
-1.67703
-1.80274
-1.66547
-1.8106
-1.85507
-1.8299
-1.95028
-1.73303
-1.8293
-1.86487
-1.75528
-1.86643
-1.7037
-1.747
-1.96746
-1.77849
-1.77186
-1.88099
-1.82633
-1.708
-1.48513
-1.80365
-1.89511
-1.81393
-1.77144
-1.60989
-1.75251
-1.76917
-1.76371
-1.787
-1.80713
-1.8848
-1.75223
-1.69144
-1.457
-1.8915
-1.71216
-1.96762
-1.66155
-1.67413
-1.74071
-2.0924
-1.74839
-1.76147
-1.71881
-1.87722
-1.95509
-2.00557
-1.68999
-1.57144
-1.8323
-1.56733
-1.53212
-1.87556
-1.7419
-1.94844
-1.89148
-1.75581
-1.89281
-1.74385
-1.74266
-1.87136
-1.76349
-1.81161
-2.06554
-1.74929
-1.77388
-1.99714
-1.98443
-1.70263
-1.9697
-1.56095
-1.72037
-1.97696
-1.72592
-1.7716
-1.85861
-1.63714
-1.84516
-1.85151
-1.81747
-1.6723
-1.85715
-1.76016
-1.9305
-1.96704
-1.67813
-2.0254
-1.69166
-1.69652
-1.83084
-1.85992
-1.62352
-1.71845
-1.72977
-1.93166
-1.54923
-1.5893
-1.60032
-1.59444
-1.86558
-1.79383
-1.76626
-1.75258
-1.76683
-1.8229
-1.78805
-1.88522
-1.99237
-1.79465
-1.7299
-1.83673
-1.60422
-2.00273
-1.90531
-1.75516
-1.84557
-1.7807
-1.66807
-1.76684
-2.02058
-1.64097
-1.77136
-1.75146
-1.70423
-2.00248
-1.83598
-1.85544
-1.73627
-1.83995
-1.81453
-1.91734
-1.8919
-1.54988
-1.79382
-1.90705
-1.88234
-1.89043
-1.67691
-1.78674
-1.69478
-1.785
-1.99801
-1.89471
-1.99697
-1.86041
-1.68625
-1.85285
-1.94077
-1.93728
-1.72287
-1.69283
-1.60207
-1.85287
-2.02293
-1.60116
-1.74628
-1.73514
-1.74942
-1.81553
-1.57499
-1.93503
-1.90648
-1.7438
-1.61536
-1.91195
-1.85766
-1.97363
-1.80665
-1.71085
-1.83501
-1.80552
-1.72178
-1.66693
-1.71613
-1.68442
-1.82272
-1.94162
-1.58954
-1.75652
-1.82358
-1.73508
-1.87127
-1.69475
-1.75432
-1.58291
-1.84111
-1.77677
-1.95725
-1.66782
-1.75063
-1.88865
-1.79327
-1.67635
-1.91902
-1.93219
-1.76672
-1.67056
-2.03075
-1.8982
-1.87423
-1.91068
-1.78478
-1.63984
-1.7474
-1.87639
-1.85209
-1.74902
-1.88355
-1.88891
-1.8534
-1.72453
-1.56396
-1.74046
-1.62378
-1.99021
-1.7003
-1.74785
-1.70626
-1.79604
-1.8617
-1.81736
-1.67289
-1.76778
-1.71805
-2.10816
-2.12039
-1.68054
-1.84847
-1.89281
-1.73159
-1.95601
-1.65178
-1.77199
-1.66794
-1.99789
-1.78764
-1.77513
-1.56636
-1.81401
-1.72824
-2.08467
-2.02163
-1.95218
-1.66661
-1.85228
-1.71042
-1.89383
-1.77791
-1.77418
-1.88909
-1.79017
-1.52841
-1.73846
-1.82996
-1.90867
-1.70001
-1.81178
-1.86535
-1.70341
-1.74192
-1.64411
-1.52593
-1.71695
-1.69164
-1.86854
-1.696
-1.6845
-1.62148
-1.78403
-1.82385
-1.76068
-2.01356
-1.7046
-1.64463
-1.71926
-1.90185
-1.73288
-1.64265
-1.80028
-1.97997
-2.05126
-1.74925
-1.8268
-1.69511
-1.65045
-1.95932
-1.84074
-1.59164
-1.94287
-1.76649
-1.67502
-1.73689
-1.91999
-1.70015
-1.82496
-1.67777
-1.83872
-1.93419
-1.53786
-1.76179
-1.94514
-1.79096
-1.66609
-1.90799
-1.72034
-1.70309
-1.80591
-1.71912
-1.73357
-1.72624
-1.5908
-1.64779
-1.83054
-1.87205
-1.80879
-1.89927
-1.7278
-1.89279
-1.76665
-2.04975
-1.59975
-1.51851
-1.67789
-1.63206
-1.48471
-1.93807
-1.94359
-1.98117
-1.67422
-1.58531
-1.68229
-1.88115
-1.80972
-1.76265
-1.85254
-1.84466
-1.61384
-1.71675
-1.86427
-1.64689
-1.6263
-1.68655
-1.62695
-1.80018
-1.78669
-1.8801
-1.61469
-1.82574
-1.60342
-1.76037
-1.65707
-1.90872
-1.54206
-1.76572
-1.81928
-1.67696
-1.70608
-1.88271
-2.06439
-1.67044
-1.74345
-1.69071
-1.77391
-1.71117
-1.64168
-1.88063
-1.64832
-1.805
-1.69784
-1.74321
-1.96816
-1.79721
-1.83403
-1.79326
-1.68546
-1.69855
-1.78296
-1.80833
-1.73275
-1.87626
-1.90813
-1.6835
-1.85636
-1.99303
-1.76465
-1.8163
-1.6126
-1.75393
-1.68542
-1.73414
-1.54801
-1.8882
-1.82711
-1.74383
-1.78356
-1.76087
-1.78547
-1.82414
-1.76119
-1.76743
-1.63429
-1.73686
-1.83183
-1.67131
-1.997
-1.58328
-1.73827
-1.65811
-1.68353
-1.74615
-1.74674
-1.86412
-1.62895
-1.79839
-1.82012
-1.78132
-1.52722
-1.85775
-1.82207
-1.9171
-1.88636
-1.84797
-1.82643
-1.77377
-1.84696
-1.69981
-1.77989
-2.01163
-1.79253
-1.82282
-1.72246
-1.75217
-1.95683
-1.68183
-1.78687
-1.58741
-1.58302
-1.73562
-1.85789
-1.85966
-1.97872
-1.80871
-1.68596
-1.63435
-1.61932
-1.51538
-1.64952
-1.77381
-1.855
-1.75116
-1.87652
-1.79624
-1.6658
-1.8831
-1.68623
-2.00681
-1.82618
-1.78344
-1.81419
-1.80531
-1.8082
-1.8125
-1.60163
-1.66436
-1.77581
-1.87779
-1.86862
-1.7363
-1.68339
-1.91614
-1.66867
-1.66614
-1.7524
-1.81886
-1.89084
-1.93169
-2.02058
-1.86747
-1.58754
-1.86885
-1.65575
-1.89264
-1.87216
-1.96778
-1.67031
-1.77289
-1.83869
-1.87089
-1.94519
-1.6739
-1.50979
-1.8678
-1.6158
-1.94316
-2.08893
-1.8957
-1.53946
-1.95511
-1.89538
-1.90499
-1.85208
-1.82403
-1.90231
-1.84492
-2.00877
-1.95723
-1.70206
-1.79265
-1.93892
-1.80662
-1.90316
-1.96797
-1.81957
-1.54592
-1.87059
-1.87408
-1.88122
-1.91796
-1.91601
-1.87614
-1.703
-1.77895
-1.83013
-1.64386
-1.58865
-1.86739
-1.55397
-1.92378
-1.7348
-1.84002
-1.7955
-1.85799
-1.78647
-1.75492
-1.65867
-1.7432
-1.71686
-1.72482
-1.7725
-1.84721
-1.89399
-1.79013
-1.93057
-1.85589
-1.61847
-1.50884
-1.7192
-1.87007
-1.74521
-1.88121
-1.91728
-1.69576
-1.77531
-1.80437
-1.71686
-1.99275
-1.85699
-1.61294
-1.68761
-1.94025
-1.70808
-1.84819
-1.6964
-1.84559
-1.9419
-1.84722
-1.84918
-1.69414
-1.89164
-1.83271
-1.77121
-1.6737
-1.7569
-1.84652
-1.57872
-1.80893
-1.88304
-1.74559
-1.88154
-1.817
-2.06866
-1.98972
-1.88641
-1.79545
-1.84626
-1.99695
-1.6813
-2.04891
-1.77432
-1.6522
-1.60087
-1.7329
-1.90666
-1.77018
-1.92272
-1.89243
-1.90307
-1.83025
-1.70802
-1.66208
-1.98205
-1.88543
-1.65061
-1.85926
-1.74893
-1.98646
-1.8874
-1.68495
-2.00607
-1.8256
-1.96947
-1.89885
-1.72834
-1.69177
-1.66837
-1.78282
-1.6946
-1.95094
-1.74216
-1.93076
-1.76102
-1.77874
-1.88883
-1.82126
-1.96358
-1.6915
-1.772
-1.77431
-1.91244
-1.53257
-1.82795
-1.93857
-1.93951
-1.78251
-1.87655
-1.78496
-1.68152
-1.72394
-1.7609
-1.77071
-1.76274
-1.8126
-1.5503
-1.76624
-1.67488
-1.97675
-1.70392
-1.75422
-1.58193
-1.88363
-1.68154
-2.10859
-1.95725
-1.83038
-1.67553
-1.93374
-1.96427
-1.7883
-1.80017
-1.68437
-1.86862
-1.90454
-1.70548
-1.76964
-1.7864
-1.91589
-1.78923
-1.80358
-1.9742
-1.74072
-1.7582
-1.74732
-1.70149
-1.9608
-1.86384
-1.83274
-1.88698
-1.8588
-1.64055
-1.89582
-1.84215
-1.78361
-1.78528
-1.74036
-1.65372
-1.84026
-1.87125
-1.90983
-1.69422
-1.69366
-1.69254
-1.60974
-1.90939
-1.85674
-1.74499
-1.85782
-1.78924
-1.87821
-1.70853
-1.75383
-2.00305
-1.80601
-1.88995
-1.87963
-1.85523
-1.6943
-1.63381
-1.61588
-1.70548
-1.9696
-1.79028
-1.64665
-1.62346
-1.80084
-1.7966
-2.06363
-1.9459
-1.75066
-1.83553
-1.95925
-1.62204
-1.97476
-1.67114
-1.92705
-1.75268
-1.72994
-1.83836
-1.74062
-1.94461
-1.84781
-1.58464
-1.82518
-1.64289
-1.83086
-1.89588
-1.68635
-1.6658
-1.66402
-1.46724
-1.65349
-1.74831
-1.72707
-1.6771
-1.54763
-1.95398
-1.93253
-1.69163
-1.78806
-1.9631
-1.87962
-1.83846
-1.65834
-1.82635
-1.94349
-1.74196
-1.75406
-1.73709
-1.71811
-1.82616
-1.86367
-1.96169
-1.63776
-1.62384
-1.80329
-1.83562
-1.89751
-1.81461
-1.95361
-1.79161
-1.73663
-1.8974
-1.77322
-1.75246
-1.94628
-1.90467
-1.76391
-1.70634
-1.91394
-1.87225
-1.9079
-1.68236
-1.6047
-1.95194
-1.69073
-1.79045
-1.92859
-1.63346
-1.72502
-1.86583
-1.84625
-1.77871
-2.03233
-1.71997
-1.96492
-1.72282
-2.01618
-1.80406
-2.0072
-1.74684
-1.7835
-1.87214
-1.8158
-1.87159
-1.91794
-1.75913
-1.85472
-1.52748
-1.80326
-1.6746
-1.77556
-1.68579
-1.68281
-1.71233
-1.68375
-1.8607
-1.82833
-2.02602
-1.72345
-1.89015
-1.852
-1.80996
-1.83287
-1.92534
-1.70322
-1.69481
-1.75025
-1.67838
-1.77388
-1.73183
-1.83006
-1.76819
-1.77111
-1.38571
-1.55059
-1.84047
-2.02169
-1.8125
-1.8469
-1.66892
-1.75072
-1.61688
-1.81893
-1.56945
-1.85401
-1.6191
-1.78345
-1.90325
-1.88562
-1.75871
-1.79884
-1.77229
-1.59836
-1.68492
-1.88522
-1.71714
-1.73554
-1.65306
-1.92831
-1.73473
-1.62943
-1.65406
-1.70639
-1.77948
-1.78669
-1.69891
-1.80758
-1.86264
-1.51685
-1.68126
-1.7862
-2.04149
-1.661
-1.83621
-1.76533
-1.78421
-1.7163
-1.7245
-1.83607
-1.57627
-1.80604
-1.62368
-1.6997
-1.74982
-1.83413
-1.88991
-1.78283
-1.84719
-1.91494
-1.81737
-1.77424
-1.83943
-1.82222
-1.7331
-1.91301
-1.70598
-1.9088
-1.96101
-1.76156
-1.81278
-1.86549
-1.70858
-1.77029
-1.89139
-1.76588
-1.7211
-1.75811
-1.72206
-1.83846
-1.94498
-1.7564
-1.958
-1.81268
-1.95462
-1.59199
-1.57197
-1.71668
-1.82836
-1.85385
-1.76981
-1.72933
-1.87855
-1.9172
-1.75762
-1.77624
-1.87787
-1.78864
-1.64042
-1.61684
-1.81948
-1.83264
-1.83266
-1.79289
-1.79344
-1.8472
-1.79374
-1.8017
-1.80174
-1.81694
-1.72626
-1.76693
-1.61268
-1.86695
-1.88484
-1.83314
-1.75425
-1.77604
-1.94734
-1.72702
-1.66099
-1.81069
-2.03619
-1.69826
-1.85235
-1.70156
-1.75298
-1.74372
-1.78337
-1.91018
-1.78534
-1.64687
-1.66884
-1.85462
-1.81117
-1.79198
-1.86784
-1.49387
-1.51513
-1.67375
-1.74071
-1.81829
-1.83245
-1.57715
-1.84825
-1.76907
-1.79089
-1.8143
-1.94623
-1.55526
-1.73357
-1.54059
-1.64495
-1.68152
-1.79569
-1.8279
-1.89718
-1.76745
-1.82937
-1.67977
-1.91206
-1.82501
-1.7417
-1.613
-2.00132
-1.93382
-1.79549
-1.76762
-1.75033
-1.90709
-1.78432
-1.9094
-1.77903
-1.91404
-1.77407
-1.87736
-1.76944
-1.61512
-1.75316
-1.81201
-2.00974
-1.89686
-1.73017
-1.87235
-1.74144
-1.71345
-1.71383
-2.05478
-1.67143
-1.88714
-1.92672
-1.89089
-1.81984
-1.88844
-1.64655
-1.72956
-1.69179
-1.8055
-1.90343
-1.81934
-1.84368
-1.70588
-1.99959
-1.67901
-1.73198
-1.94074
-1.70035
-1.6079
-1.74594
-1.5964
-1.76086
-1.81539
-1.66692
-1.69834
-1.7266
-1.82543
-1.80802
-1.91223
-1.59471
-1.86201
-1.59751
-1.74276
-1.63051
-1.95178
-1.82821
-1.7828
-1.93961
-1.7489
-1.8633
-1.97923
-1.75185
-1.76129
-1.7356
-1.60167
-1.85629
-1.87158
-1.68779
-1.61211
-1.9534
-1.86595
-1.73057
-1.82332
-1.77237
-1.86271
-1.76906
-1.86425
-1.96023
-1.72221
-1.77267
-1.8575
-1.89702
-1.55208
-1.7343
-1.67287
-1.73852
-1.50921
-1.90906
-1.62298
-1.94387
-1.69561
-1.77355
-1.82356
-1.85258
-1.49909
-1.76437
-1.72331
-1.93222
-1.87189
-1.93513
-1.72012
-1.8743
-1.67937
-1.66631
-1.70923
-1.89299
-1.85348
-1.53745
-1.87983
-1.65168
-1.75566
-1.94715
-1.96995
-1.56986
-1.60809
-1.54425
-1.84359
-2.01734
-1.65812
-1.85648
-1.6794
-1.80827
-1.67854
-1.93836
-1.78393
-1.93825
-1.71716
-1.68292
-1.83989
-1.73177
-1.79903
-1.91931
-1.79314
-1.92323
-1.6487
-1.63259
-1.80563
-1.9446
-1.6538
-1.85362
-1.72855
-1.83851
-1.80304
-1.8176
-1.99992
-1.78153
-2.13777
-1.94776
-1.67176
-1.71798
-1.76934
-1.60138
-1.70272
-1.48723
-1.68556
-1.68523
-1.7493
-1.88943
-1.89911
-1.77617
-1.73911
-1.75881
-1.66405
-1.65111
-2.03425
-1.74406
-1.67272
-1.64748
-1.98363
-1.76474
-1.76496
-1.83137
-1.81734
-1.87821
-1.76819
-1.77258
-1.76636
-1.69487
-1.69367
-1.90593
-1.67192
-1.67005
-1.75046
-1.95775
-1.97176
-1.91806
-1.68836
-1.8608
-1.87954
-1.8745
-1.78456
-1.86416
-1.69343
-1.58801
-1.71558
-1.85635
-1.61771
-1.80846
-1.9696
-1.93587
-1.67735
-1.81992
-1.79597
-1.78812
-1.91559
-1.83886
-1.90702
-1.73357
-1.87185
-1.79939
-1.67596
-1.83112
-1.79053
-2.03007
-1.73038
-1.80863
-1.95174
-1.98797
-1.71502
-2.03949
-1.84266
-1.82404
-1.9324
-1.58397
-1.63375
-1.793
-1.88748
-1.95116
-1.47435
-1.84058
-1.77792
-1.86535
-1.97756
-1.684
-1.65942
-1.90486
-1.76744
-1.82282
-1.88692
-1.77275
-1.81379
-1.83404
-1.76407
-1.84419
-2.0254
-1.72631
-1.71563
-1.74013
-1.75865
-1.86186
-1.75627
-1.8864
-1.75548
-1.86998
-1.83692
-1.72608
-1.81677
-1.90172
-1.90774
-1.66935
-1.8831
-2.11789
-2.01119
-1.73361
-1.70384
-1.82024
-1.89374
-1.81928
-1.51514
-1.69073
-1.76452
-1.79927
-2.01559
-1.90357
-1.86917
-1.81302
-1.76337
-1.68423
-1.61395
-1.84296
-1.89999
-1.84895
-1.64011
-1.72601
-1.76202
-1.73786
-1.9214
-1.72932
-1.79922
-1.87739
-1.68444
-1.69531
-1.61857
-1.76649
-1.71018
-1.83199
-1.98016
-1.80286
-2.07356
-1.69692
-1.71627
-1.82973
-1.68886
-1.69124
-1.75338
-1.81835
-1.6095
-1.7799
-1.74319
-2.02079
-1.9462
-1.58316
-1.96448
-1.86835
-1.85643
-1.60697
-1.9698
-1.92542
-1.92236
-1.76949
-1.71975
-1.92467
-1.68216
-1.77382
-1.83329
-1.83609
-1.86259
-1.6576
-1.73237
-1.83914
-1.70109
-1.71326
-1.72881
-1.6374
-1.54861
-1.71703
-1.85994
-1.79544
-1.85149
-1.85016
-1.86452
-1.88848
-1.90607
-1.86513
-1.6458
-1.63573
-1.74983
-1.79575
-1.87958
-2.07357
-1.94304
-1.67554
-1.82407
-1.6054
-1.79749
-1.96532
-1.80982
-1.56805
-1.64595
-1.72258
-1.80858
-1.92355
-1.97687
-1.74641
-1.8194
-1.79203
-1.76218
-1.80258
-1.66953
-1.65596
-1.99907
-1.71808
-1.69558
-1.78708
-1.6303
-1.85486
-1.78508
-1.75467
-1.72793
-1.64103
-1.79693
-1.651
-1.5702
-1.75051
-1.83389
-1.78283
-1.53626
-1.7441
-1.65456
-1.75709
-1.79687
-1.74539
-1.58696
-1.87278
-1.69844
-1.91454
-1.80208
-1.71294
-1.78353
-1.62285
-1.76261
-1.8297
-1.75385
-1.69838
-1.70274
-1.84464
-1.76733
-1.60059
-1.71386
-1.72912
-2.01314
-1.78209
-1.94789
-1.6049
-2.0271
-1.77858
-1.45143
-1.62382
-1.73243
-1.74285
-1.71227
-1.57803
-1.90551
-1.85244
-1.80349
-1.96318
-1.84398
-1.9862
-1.57416
-1.56899
-1.83
-2.00663
-1.71951
-1.5091
-1.47636
-1.72982
-1.7742
-1.9079
-1.90716
-1.57722
-1.71424
-1.69331
-1.78792
-1.86301
-1.66785
-1.8686
-1.75395
-1.90498
-1.75701
-1.92615
-1.91239
-1.87731
-1.84415
-1.80512
-1.74365
-1.72699
-1.86175
-1.95644
-1.94042
-1.9321
-1.80564
-1.67328
-1.83008
-1.73835
-2.02465
-1.66893
-1.77412
-1.8404
-1.85233
-1.8563
-1.72369
-1.69261
-1.80139
-1.75074
-1.95838
-1.49594
-1.60718
-1.62194
-1.57387
-1.73355
-1.94345
-1.5932
-1.71852
-1.85508
-1.73307
-1.72645
-1.86974
-1.80757
-1.85645
-1.45658
-1.9417
-1.94566
-1.91351
-1.64203
-1.57524
-1.96774
-1.84549
-1.98544
-1.98364
-1.69112
-1.73463
-1.76679
-2.07546
-1.89714
-1.96482
-1.81793
-1.87114
-1.7843
-1.67002
-1.8409
-1.85023
-1.73766
-1.69195
-1.6655
-1.90969
-1.99957
-1.72079
-1.91489
-1.90771
-1.8757
-1.78569
-1.71858
-1.60698
-1.68383
-1.69862
-1.88897
-1.8097
-1.8689
-1.78557
-1.74857
-1.42324
-1.81114
-1.79152
-1.67467
-1.67422
-1.86686
-1.68212
-1.68824
-1.57532
-1.89427
-1.79496
-1.75318
-1.96386
-1.82857
-1.91773
-2.02706
-1.82652
-1.88149
-1.808
-1.71545
-1.62442
-1.81992
-1.89153
-1.90295
-1.84146
-1.90719
-1.75648
-1.65653
-1.78247
-1.67758
-1.69866
-1.80265
-1.67631
-1.80083
-1.74691
-1.85149
-1.78548
-1.92205
-1.86704
-1.79784
-1.65714
-1.71429
-1.78228
-1.82454
-1.83745
-1.71463
-1.79087
-1.78073
-1.86895
-1.63555
-1.8682
-1.89555
-1.84179
-1.8971
-1.74883
-1.98388
-1.63991
-1.85558
-1.65254
-1.89493
-1.70446
-1.88256
-1.87509
-1.72233
-1.81687
-1.92869
-1.82303
-1.60602
-1.85303
-1.91796
-1.8265
-1.59191
-1.82457
-2.18825
-1.93187
-1.82488
-1.79495
-1.82054
-1.78859
-1.84191
-1.86307
-1.75544
-1.92009
-1.78889
-1.94202
-1.77467
-1.72606
-1.65041
-1.84663
-1.79151
-1.70497
-1.71653
-1.90033
-1.78666
-1.81719
-1.88287
-1.62158
-1.74998
-1.87482
-2.07828
-1.92366
-1.88762
-1.71614
-1.84853
-2.01442
-1.98058
-1.79972
-1.71154
-1.73396
-1.70371
-1.84026
-1.71472
-1.65638
-1.72568
-1.73283
-1.81603
-1.82141
-1.522
-1.87367
-1.9438
-1.71255
-1.89543
-1.69207
-1.86799
-1.80744
-1.88707
-1.74447
-1.65177
-1.75611
-1.70461
-1.75301
-1.69283
-1.78168
-1.78332
-1.79653
-1.83026
-1.95378
-1.71273
-1.79161
-1.85372
-1.84647
-2.05181
-1.72685
-1.6747
-2.00757
-1.61826
-1.78665
-1.54096
-1.86694
-1.8564
-1.73839
-1.94574
-1.94018
-1.80161
-1.85847
-1.81389
-1.82336
-1.73368
-1.95483
-1.5766
-1.63589
-1.87909
-1.70041
-1.66911
-2.02277
-1.86504
-1.8319
-1.92851
-1.62713
-1.85709
-1.51397
-1.75438
-1.59369
-1.81103
-2.01052
-1.59638
-1.68536
-2.03144
-1.63839
-1.76035
-1.71214
-1.80167
-1.67492
-1.74136
-1.63559
-1.93042
-1.70894
-1.92579
-1.77688
-1.82654
-1.73478
-1.7332
-1.46695
-1.88133
-1.78003
-1.86235
-1.71721
-1.78886
-1.64061
-1.74677
-1.7941
-1.78763
-1.8653
-1.4968
-1.83122
-1.77612
-1.68518
-1.83793
-1.89353
-1.86261
-1.61567
-1.81863
-1.68667
-1.85988
-1.74117
-1.63299
-1.80097
-1.52571
-1.86895
-1.64319
-1.92656
-1.94871
-1.76072
-1.97532
-1.7362
-2.04174
-1.72787
-1.74794
-1.93582
-1.53075
-1.76355
-1.63459
-1.72512
-1.70878
-1.78537
-1.86344
-1.85506
-1.7303
-1.781
-1.77965
-1.77903
-1.86754
-1.74982
-1.6311
-1.72675
-1.89355
-1.8317
-1.83365
-1.76743
-1.69252
-1.78732
-1.77756
-1.70285
-1.75688
-1.81644
-1.54967
-2.05537
-1.71215
-1.88175
-1.89049
-1.91136
-1.88633
-1.73452
-1.55947
-1.77551
-1.9124
-1.80205
-1.69295
-1.72277
-1.83912
-1.65369
-1.85948
-1.72076
-1.61694
-1.80685
-1.84263
-1.80846
-1.77879
-1.5922
-1.65747
-1.9269
-1.61833
-1.78315
-1.85564
-1.89956
-1.66505
-1.96576
-1.58781
-1.97332
-1.79641
-1.91752
-1.81266
-1.82811
-1.67485
-1.89017
-1.65695
-1.98496
-1.88025
-1.75791
-1.88837
-1.52366
-1.73662
-1.65411
-1.90249
-1.90579
-1.67941
-1.59678
-1.93587
-1.75266
-1.90847
-1.58888
-1.70853
-1.82917
-1.72281
-1.79083
-1.95605
-1.44062
-1.96611
-1.69564
-1.60844
-1.59529
-1.8414
-2.05593
-1.84705
-1.8183
-1.65477
-1.81842
-1.806
-1.77957
-1.66407
-1.70968
-1.58214
-1.62122
-1.79458
-1.79954
-1.56666
-1.76191
-1.75116
-1.62691
-1.80018
-1.66016
-1.6177
-1.6696
-1.49518
-1.66001
-1.89447
-1.77604
-1.61331
-1.94221
-1.6546
-1.93305
-1.8624
-1.79073
-1.74475
-1.80242
-1.78025
-1.82528
-1.79949
-1.73247
-1.98816
-1.68821
-1.88684
-1.73243
-1.79478
-1.85369
-1.84127
-1.77034
-1.89568
-1.74778
-1.70347
-1.68429
-1.68901
-1.7186
-1.84357
-1.8898
-1.76321
-1.75073
-1.89016
-1.78932
-1.71422
-1.72936
-1.9589
-1.70362
-1.71044
-1.8161
-1.94548
-1.81856
-1.96077
-1.79646
-1.65228
-1.8256
-1.91732
-1.73022
-1.79183
-1.82166
-1.75199
-1.58627
-1.58714
-1.70119
-1.86301
-1.88777
-1.61394
-1.73789
-1.94738
-1.78239
-1.76766
-1.80029
-1.72017
-1.94427
-1.87009
-1.83484
-1.92819
-1.5765
-1.84283
-1.62988
-1.94399
-1.70663
-1.67428
-1.68169
-1.87644
-1.72207
-1.72528
-1.68058
-1.62554
-1.67888
-1.79092
-1.87044
-1.61089
-1.87334
-1.84315
-1.74
-1.87267
-1.81098
-1.60046
-1.73002
-1.78102
-1.67608
-1.82731
-1.85834
-1.70727
-1.78272
-1.7072
-1.66409
-1.69239
-1.94383
-1.62681
-1.87748
-1.94673
-1.87343
-1.85167
-1.89132
-1.91381
-1.64013
-1.98074
-1.61556
-1.67617
-1.98476
-1.77033
-1.76072
-2.01337
-1.6794
-1.82365
-1.66159
-1.76632
-1.84951
-1.68853
-1.82054
-1.71429
-1.71466
-1.59742
-1.84061
-1.82732
-1.89783
-1.59325
-1.71178
-1.79813
-1.7852
-1.69881
-1.76545
-1.81506
-1.80554
-1.884
-1.63421
-1.70045
-1.75945
-1.8838
-1.82354
-1.89048
-1.85265
-1.71498
-1.88673
-1.64059
-1.69878
-1.71671
-1.71642
-1.86767
-1.8129
-1.64688
-1.64609
-1.82585
-1.89155
-1.76473
-1.97503
-1.87434
-1.69169
-1.57052
-1.86384
-1.83023
-1.7511
-1.60306
-1.69803
-1.71858
-2.01443
-1.82906
-1.90043
-1.73262
-1.71022
-1.95052
-2.05737
-1.79332
-1.68202
-2.07868
-1.68735
-1.94849
-1.53058
-1.84552
-2.00371
-1.87844
-1.72107
-1.89297
-1.9197
-1.86668
-1.85604
-1.64183
-1.81538
-1.63756
-1.81114
-1.72417
-1.67764
-1.95315
-1.99469
-1.7672
-1.81441
-1.80937
-1.73377
-1.83357
-1.72973
-1.97657
-1.66489
-1.70958
-1.7799
-1.70931
-1.67341
-1.67308
-1.75643
-1.88606
-1.73587
-1.73268
-1.899
-1.82529
-1.78912
-1.63703
-1.60216
-1.98104
-1.70958
-1.8818
-1.77171
-1.84373
-2.00908
-1.75547
-1.99315
-1.93032
-1.64614
-1.68554
-1.71549
-1.95148
-1.67608
-2.05132
-1.81444
-1.78554
-1.83994
-1.66617
-1.97036
-1.6909
-1.70997
-1.89648
-1.78548
-1.76233
-1.83764
-1.91059
-1.69936
-1.84012
-1.78446
-1.88824
-1.73583
-1.64796
-1.82596
-1.83487
-1.75871
-1.94236
-1.69811
-1.97358
-1.77826
-1.77758
-1.88754
-1.8569
-1.7384
-1.74848
-1.77934
-1.71623
-1.96318
-1.80158
-1.8299
-1.66568
-1.67768
-1.6433
-1.8118
-1.8926
-1.67493
-1.8991
-1.74166
-1.83102
-1.60906
-1.68611
-1.67138
-2.06306
-1.89051
-1.82955
-1.9096
-1.58078
-1.83307
-1.8079
-1.74454
-1.87489
-1.59675
-1.70484
-1.74555
-1.97239
-1.94257
-1.90382
-1.85294
-1.61915
-1.68688
-1.57123
-1.87545
-2.12173
-1.90641
-1.80491
-1.74287
-1.69598
-1.79477
-1.66059
-1.758
-1.71538
-2.09904
-2.05039
-1.61825
-1.69835
-1.92157
-1.98522
-1.74886
-1.79434
-1.85844
-1.73833
-1.62999
-1.668
-1.58677
-1.79992
-1.8395
-1.81681
-1.92137
-1.63604
-1.81067
-2.04294
-1.85499
-1.99408
-1.86453
-1.86874
-1.79942
-1.65076
-1.78329
-1.93191
-1.68959
-1.95371
-1.75002
-1.85489
-1.67765
-1.78531
-1.84746
-1.9678
-1.81564
-1.64497
-1.82122
-1.64326
-1.76865
-2.00862
-1.87504
-1.8392
-1.73667
-1.80956
-1.84276
-1.84207
-1.66135
-1.72535
-1.80433
-1.80675
-1.66323
-1.68069
-1.6436
-1.97576
-1.86889
-1.69033
-1.87322
-1.79805
-1.98341
-1.6456
-1.95312
-1.55985
-1.78107
-1.70765
-1.87992
-1.89902
-1.7645
-1.80014
-1.69781
-1.80503
-1.87496
-1.79629
-1.79492
-1.82891
-1.85033
-1.91284
-1.86265
-1.60743
-1.85192
-1.79796
-1.59
-1.94332
-1.75698
-1.78355
-1.77129
-1.86215
-1.74312
-1.43307
-1.68729
-1.78246
-1.80082
-1.81572
-1.91023
-1.94894
-1.8942
-2.06413
-1.57403
-1.70759
-1.74575
-1.55223
-1.75502
-1.81852
-1.89095
-1.63595
-1.78722
-1.76876
-1.58932
-1.62651
-1.87224
-1.75779
-1.66967
-1.7902
-1.78814
-1.76554
-1.64876
-1.87597
-1.87073
-1.59059
-1.86799
-1.50045
-1.8987
-1.87671
-1.87503
-1.79668
-1.7463
-1.58956
-1.76515
-1.57066
-1.87592
-1.86722
-1.72292
-1.67591
-1.79672
-1.58057
-1.66873
-1.80746
-1.87457
-1.77216
-1.83494
-1.74411
-1.978
-1.76875
-1.85236
-1.72947
-1.85451
-1.84392
-1.73028
-1.75854
-1.4928
-2.06849
-1.66267
-1.73547
-1.72722
-1.75852
-1.86202
-1.63896
-1.78647
-1.77902
-1.77726
-1.68059
-1.7237
-1.86766
-1.79028
-1.73771
-2.00111
-1.78047
-1.83253
-1.75217
-2.00465
-1.79848
-1.78755
-1.76577
-1.72935
-1.92073
-1.76116
-1.83551
-1.75083
-1.8472
-1.59429
-1.60871
-1.8303
-1.69753
-1.79128
-1.79504
-1.69527
-1.77027
-1.87414
-1.808
-1.71972
-1.72351
-1.6252
-1.7506
-1.82159
-1.874
-1.93605
-1.9314
-1.82801
-1.76183
-1.8629
-1.80112
-1.67121
-1.67136
-1.72085
-1.95352
-1.7975
-1.69536
-1.8741
-1.83066
-1.72428
-1.6697
-1.6461
-1.88182
-1.76859
-1.77182
-1.78538
-1.86017
-1.87787
-1.86659
-1.89642
-1.7237
-1.86533
-1.72003
-1.83563
-2.11509
-1.881
-1.74633
-1.85078
-1.95225
-1.72849
-1.73146
-1.75464
-1.75978
-1.8251
-1.69419
-1.86122
-1.79198
-1.75382
-1.90344
-1.70881
-1.66835
-1.70956
-2.09937
-1.73817
-1.66778
-1.59079
-1.77979
-1.73754
-1.69428
-1.93225
-1.96971
-1.69306
-1.66279
-1.87127
-1.60911
-1.97816
-2.01392
-1.69957
-1.68607
-1.82946
-1.87537
-1.6458
-1.73933
-1.66764
-1.75419
-1.82221
-1.78548
-1.71233
-1.86128
-1.88598
-1.82803
-1.86547
-1.867
-1.74513
-1.69314
-1.86807
-1.80553
-1.73613
-1.74017
-1.80902
-1.83595
-1.90171
-1.69769
-1.70491
-1.8098
-1.79538
-1.871
-1.87619
-1.74315
-1.80451
-1.77739
-1.73537
-1.76349
-1.91319
-1.91847
-1.68977
-1.93813
-1.7391
-1.82348
-1.79373
-1.62869
-1.54353
-2.0026
-1.64135
-1.6461
-1.87991
-1.79304
-1.81984
-1.64545
-1.83887
-1.90233
-1.82076
-1.95811
-1.82111
-1.76054
-1.83631
-1.68235
-1.59476
-1.85475
-2.03742
-1.95125
-1.7429
-1.82848
-1.70159
-1.89586
-2.0709
-1.88785
-1.71321
-1.745
-1.97364
-1.51183
-1.66998
-1.61817
-1.77149
-1.77534
-1.73431
-1.63866
-2.00726
-1.8273
-1.7946
-2.05705
-1.71932
-1.77247
-1.84526
-1.70596
-1.84129
-1.94693
-2.04473
-1.75484
-1.93746
-1.76617
-1.51431
-1.74722
-2.02687
-1.68136
-1.89132
-1.81466
-1.87263
-1.55846
-1.95949
-1.71769
-1.88787
-1.91136
-1.87017
-1.74115
-1.80095
-1.84647
-1.70507
-1.75538
-1.79443
-1.89022
-1.86014
-1.86653
-1.72629
-1.82611
-1.86528
-1.7247
-1.52723
-1.79067
-1.92287
-1.73188
-1.78908
-1.72678
-1.6164
-1.80292
-1.77776
-1.74356
-1.6153
-1.61771
-1.70544
-1.74469
-1.89327
-1.83498
-1.71322
-1.8941
-1.66594
-1.84605
-1.83602
-1.6589
-1.66894
-1.90293
-1.91982
-1.9634
-1.78882
-1.73135
-1.71045
-1.85286
-1.92419
-1.66822
-1.54238
-1.71941
-1.72854
-1.95831
-1.82956
-1.85486
-1.64284
-1.84378
-1.68861
-1.70476
-1.91963
-1.52766
-2.00501
-1.74147
-1.75483
-1.70685
-1.71736
-1.77316
-1.69713
-1.75231
-1.8719
-1.66785
-1.80948
-1.80705
-1.85879
-1.85195
-1.61157
-1.60556
-1.85263
-1.76609
-1.8812
-1.64176
-1.8663
-1.57149
-1.69596
-1.7088
-1.8742
-1.69089
-1.77842
-1.43295
-1.60724
-1.85237
-1.90525
-1.65353
-1.72237
-1.65785
-1.68125
-1.79481
-1.94144
-1.90437
-1.67341
-1.82791
-1.89131
-1.76185
-1.88822
-1.74423
-1.93192
-1.95467
-1.72745
-1.84484
-1.74711
-1.69001
-1.67944
-1.76277
-1.94228
-1.92241
-1.84216
-1.73741
-1.74949
-1.91923
-1.75302
-1.89216
-1.94518
-1.63151
-2.02281
-1.84549
-1.76003
-1.77604
-1.93268
-1.83187
-1.66774
-1.97206
-1.7527
-1.87002
-1.82718
-1.91305
-1.90231
-1.59191
-1.53334
-1.93099
-1.73447
-1.78632
-1.62015
-1.83793
-1.86021
-1.7876
-1.65282
-1.75869
-1.87521
-1.87515
-1.83977
-1.75065
-1.80844
-1.85465
-1.57355
-1.71226
-1.65013
-1.72336
-1.88907
-1.62761
-1.85537
-1.92328
-1.81537
-1.46008
-1.81631
-1.68367
-1.7828
-1.60353
-1.93173
-1.79853
-1.62114
-1.67878
-1.82598
-1.77048
-1.98969
-1.98566
-1.74248
-1.67366
-1.77247
-1.76892
-1.6779
-1.70785
-1.82548
-1.59382
-1.68671
-1.75278
-1.74144
-2.03706
-1.66509
-1.80521
-1.77275
-1.77876
-1.75694
-1.82153
-1.87188
-1.65509
-1.52312
-1.62771
-1.90973
-1.7666
-1.62763
-1.87008
-1.78114
-1.49264
-1.90553
-2.05749
-1.50213
-2.00123
-1.73471
-1.73457
-1.79073
-1.87034
-1.79738
-1.69814
-1.61272
-1.5046
-1.75958
-1.62521
-1.7202
-1.7162
-1.84627
-2.01497
-1.69274
-1.60136
-1.56823
-1.54888
-1.96178
-1.86189
-1.63801
-1.8542
-1.87575
-1.89415
-1.9505
-1.98616
-1.90272
-1.62978
-1.91302
-1.8137
-1.83819
-1.50903
-1.65441
-2.02955
-1.71493
-1.81965
-1.89455
-1.8102
-1.91923
-1.74414
-2.02797
-1.65772
-1.65113
-1.78014
-1.95514
-1.89282
-1.65726
-1.75948
-1.7438
-1.78923
-1.80199
-1.80486
-1.77245
-1.79778
-1.70017
-1.57072
-1.77286
-1.76674
-1.75992
-1.61269
-1.84201
-1.63414
-1.82739
-1.97998
-1.70607
-1.78072
-1.82692
-1.7208
-1.83393
-1.90738
-1.72846
-1.87999
-1.60152
-1.99328
-1.91647
-1.66455
-1.845
-1.7114
-1.89945
-1.77095
-1.86997
-1.52037
-1.75585
-1.56522
-1.77173
-1.75532
-1.82112
-1.82413
-1.75616
-1.85983
-1.66077
-1.79883
-1.67022
-1.83817
-1.64438
-1.79633
-2.10903
-1.72917
-1.78219
-1.88445
-1.69969
-1.80382
-1.74614
-1.7748
-1.83074
-1.58831
-1.64976
-1.7742
-1.92908
-1.82562
-1.91104
-1.97551
-1.95414
-1.9588
-1.81759
-1.8019
-1.71416
-1.96539
-1.91955
-1.91563
-1.8848
-1.8673
-1.64154
-1.67126
-1.75454
-1.8101
-1.58995
-1.73346
-1.79265
-1.72428
-1.98037
-1.74324
-1.97478
-1.92924
-1.79368
-1.78375
-1.67443
-1.73915
-1.92373
-1.69528
-1.80889
-1.87163
-1.73524
-1.97924
-1.63424
-1.59781
-1.79459
-2.01666
-1.90012
-1.8915
-1.95626
-1.7993
-2.06039
-1.87968
-1.75047
-1.8841
-2.02709
-2.07033
-1.83626
-1.81751
-1.7902
-1.69025
-1.75211
-1.97431
-1.81794
-1.79622
-1.78712
-1.77442
-2.00311
-1.86713
-1.79972
-1.74097
-1.76971
-1.85828
-1.78852
-1.86092
-1.79052
-2.02496
-1.60218
-1.70204
-1.8889
-1.76457
-1.84905
-1.51438
-1.81172
-1.80917
-2.0033
-1.84103
-1.83591
-1.86085
-1.69671
-1.78159
-1.6348
-1.74502
-1.92353
-1.88148
-1.82133
-1.70685
-1.92319
-1.95034
-1.83161
-1.72593
-1.77819
-1.79442
-1.73851
-1.68302
-1.79856
-1.78219
-1.79673
-1.70998
-1.85454
-1.86923
-1.74621
-1.61909
-1.80611
-1.88711
-1.71079
-1.90782
-1.79448
-1.62961
-1.72579
-1.83275
-1.63486
-1.63695
-1.72494
-1.713
-1.83186
-2.05041
-1.84917
-1.79136
-1.72423
-1.8938
-1.66064
-1.69661
-1.72924
-1.86085
-1.74424
-1.75538
-1.47646
-1.82019
-1.67328
-1.7786
-1.78835
-1.97453
-2.12565
-1.68531
-1.75298
-1.56992
-1.64386
-1.72967
-2.00789
-1.8651
-1.6583
-1.57466
-1.93513
-1.74922
-1.81613
-1.64375
-1.96131
-1.85352
-1.96119
-1.59432
-1.78341
-2.03602
-1.7821
-1.942
-1.84427
-1.71966
-1.64862
-1.68549
-1.94987
-2.02791
-1.72743
-1.85394
-1.72559
-1.99672
-1.86174
-1.99042
-1.57349
-1.73085
-1.8314
-1.58164
-1.8398
-1.71946
-1.55933
-1.72342
-1.77815
-1.7243
-1.60644
-1.92651
-1.79478
-1.80746
-1.76209
-1.73408
-1.52983
-1.78646
-1.7292
-1.78164
-1.87494
-1.93051
-1.71946
-1.73799
-1.68786
-1.79817
-2.02771
-1.48639
-1.91072
-1.71229
-1.83074
-1.73845
-1.97502
-1.88616
-1.65825
-1.74893
-1.60998
-1.98582
-1.69844
-1.8572
-1.75473
-1.5977
-1.80785
-1.80148
-1.81718
-1.61985
-1.74728
-1.85668
-1.80802
-1.86829
-1.5439
-1.92855
-1.92218
-1.43376
-1.83703
-1.69609
-1.81589
-1.93351
-1.78283
-1.80796
-1.82065
-1.68121
-1.70923
-1.7887
-2.00019
-1.78818
-1.67898
-1.83382
-1.66545
-1.77608
-1.72853
-1.79366
-1.70804
-1.70648
-1.69905
-1.80847
-1.8117
-1.84139
-1.77099
-1.6657
-1.67454
-1.68058
-1.83692
-1.7481
-1.65525
-1.86311
-1.78383
-1.69268
-1.67557
-1.84054
-2.02598
-1.72549
-1.72865
-1.80019
-1.87904
-1.87767
-1.70452
-1.74554
-1.91506
-1.67141
-1.91745
-1.9615
-1.7432
-1.78883
-1.70314
-1.70507
-1.75606
-1.7944
-1.71951
-1.66841
-2.05601
-1.67212
-1.98516
-1.99363
-2.03847
-1.59596
-1.89066
-1.8367
-1.77416
-1.91737
-1.71817
-1.86212
-1.83506
-1.80223
-1.74457
-1.74952
-1.73405
-1.71923
-1.79022
-1.75862
-1.83993
-1.8575
-1.66599
-1.96634
-1.88757
-1.97316
-1.88728
-1.7045
-1.92808
-1.71895
-1.59387
-1.77976
-1.73728
-1.48352
-1.74481
-1.9811
-1.79945
-1.675
-1.78994
-1.85447
-1.94111
-1.72618
-1.75321
-1.7758
-1.68068
-1.8304
-1.65237
-1.87144
-1.71355
-1.87811
-2.064
-1.6521
-1.85508
-1.68046
-1.90169
-1.75933
-1.75412
-1.585
-1.6824
-1.86218
-1.82579
-1.7717
-1.7333
-1.60838
-2.0136
-1.92095
-2.00104
-1.77489
-1.94508
-1.65964
-1.62859
-1.90534
-1.72904
-1.96789
-1.72013
-1.80793
-1.75415
-1.73779
-2.02884
-1.98862
-1.9506
-1.69132
-1.75773
-1.69866
-1.98441
-1.84426
-1.59326
-1.53931
-1.72127
-1.57969
-1.56822
-1.92074
-1.66778
-1.71442
-1.81963
-1.71943
-1.90525
-1.75431
-1.93043
-1.93063
-1.59408
-1.8646
-1.83003
-1.71487
-1.73949
-1.81189
-1.58522
-2.03437
-1.60139
-1.75418
-1.71344
-1.85209
-1.82297
-1.72722
-1.71699
-1.84621
-1.78612
-1.77754
-1.74067
-1.65127
-1.82952
-1.94443
-1.72006
-2.08905
-1.87065
-1.57025
-1.79393
-1.79805
-1.9398
-1.8946
-1.9427
-1.69382
-1.90084
-1.74042
-1.84084
-1.79524
-1.63981
-1.75166
-1.91442
-1.79639
-1.79365
-1.80654
-1.86224
-1.6402
-1.71772
-1.54133
-1.67135
-1.66678
-1.58578
-1.70779
-1.79533
-1.95486
-2.00579
-1.59383
-1.99003
-1.94298
-2.10329
-1.77183
-1.76891
-1.94747
-1.75565
-1.90325
-1.70169
-1.72357
-1.69435
-1.73163
-1.93483
-1.74238
-1.77448
-2.06768
-1.73705
-1.86167
-1.58115
-1.99139
-1.97609
-1.95102
-1.84886
-1.85422
-1.61334
-1.73644
-1.82988
-1.70938
-1.77062
-1.53374
-1.84384
-1.77944
-1.73155
-1.72784
-1.82523
-1.84716
-1.79616
-1.924
-1.74967
-1.70044
-1.85121
-1.90918
-1.75703
-1.82134
-1.97551
-1.84206
-1.65194
-2.04177
-1.76917
-1.88791
-1.86849
-1.74325
-1.94753
-1.78499
-1.81635
-1.64277
-1.71596
-1.95375
-1.85981
-1.90394
-1.69342
-1.73805
-1.76988
-1.92871
-1.71135
-1.85236
-1.75659
-1.69958
-1.53109
-1.68065
-1.75245
-1.86841
-1.63393
-1.95785
-1.80917
-1.89561
-1.92884
-1.69437
-2.04348
-1.81398
-1.79124
-1.78092
-1.70619
-1.7247
-1.47724
-1.76465
-1.61422
-1.72985
-1.77962
-1.72015
-1.54536
-1.83647
-1.94137
-2.01129
-1.84562
-1.65971
-1.79959
-1.66056
-1.78292
-1.81491
-1.81763
-1.70924
-1.83106
-1.61303
-1.7639
-1.8081
-1.54117
-1.88247
-1.76639
-1.71274
-2.01725
-1.76088
-1.79501
-1.73514
-1.82875
-1.65789
-1.98058
-1.77031
-1.77604
-1.71215
-1.70493
-1.73993
-1.63033
-1.687
-1.89974
-1.61614
-1.81812
-1.69073
-1.81465
-1.79259
-1.8938
-1.77534
-1.75715
-1.6228
-1.91504
-1.70707
-1.70267
-1.73868
-1.53743
-1.91633
-1.75641
-1.96891
-1.76946
-1.86666
-1.72671
-1.66609
-1.73086
-1.88159
-1.87535
-1.83184
-1.80403
-1.92461
-1.98391
-1.76503
-1.80736
-1.76387
-1.78272
-2.12859
-1.66093
-1.65765
-1.97363
-1.91263
-2.05304
-1.90317
-1.74625
-1.71859
-1.76096
-1.83319
-1.58702
-1.60012
-1.78039
-1.86473
-1.66742
-1.99774
-1.698
-1.82323
-1.96059
-2.16753
-1.83531
-1.58827
-1.95987
-1.77701
-1.77679
-1.74112
-1.62855
-1.74921
-1.75362
-1.68349
-1.78117
-1.90168
-1.64819
-1.89361
-1.87107
-1.70383
-1.84068
-1.79448
-1.8358
-1.63223
-1.8616
-2.03615
-1.69381
-1.78403
-1.71625
-1.85459
-1.78786
-2.18733
-1.62527
-1.95225
-1.70177
-1.63872
-1.83917
-2.03173
-1.75697
-1.66557
-1.88115
-1.82998
-1.72376
-1.93504
-1.93308
-1.5914
-1.71414
-1.8003
-1.7307
-1.54206
-1.69548
-1.70398
-1.68469
-1.76892
-1.72978
-1.64896
-1.89131
-1.76106
-2.00883
-1.65326
-1.57769
-1.69491
-1.73299
-1.97993
-1.71614
-2.01098
-1.77913
-1.96244
-1.72008
-1.85072
-1.93518
-1.78688
-1.72956
-1.6363
-1.8059
-1.78945
-1.82183
-1.926
-1.64135
-1.78506
-1.8261
-1.60441
-1.97539
-1.8455
-1.9164
-1.75166
-1.70396
-1.79383
-1.79084
-2.00824
-1.83334
-1.8284
-1.6748
-1.8211
-1.73772
-1.92507
-1.85308
-1.86892
-1.79163
-1.73598
-1.9147
-1.80748
-1.99966
-1.67519
-1.48768
-1.70831
-1.66832
-1.80181
-1.77742
-1.76658
-1.6486
-2.00295
-1.87975
-1.8579
-1.79531
-1.72567
-1.82167
-1.75693
-1.71425
-1.79304
-1.66653
-1.85383
-1.76471
-1.7624
-1.8865
-1.85719
-1.74948
-1.70257
-1.70486
-1.77327
-1.67906
-1.76875
-1.85562
-1.83999
-1.95621
-1.71674
-1.99198
-1.72093
-1.7297
-1.83005
-1.79293
-1.64807
-1.87995
-2.00782
-1.64759
-1.88768
-1.97872
-1.75058
-1.78043
-1.56916
-1.78553
-1.6299
-1.97359
-1.67868
-1.69746
-1.80112
-1.83663
-1.84954
-1.81113
-1.92588
-1.68446
-1.67847
-1.65107
-1.87936
-1.79245
-1.8594
-1.9826
-1.7611
-1.81088
-1.84526
-1.45366
-1.7947
-1.86949
-2.10853
-1.57257
-1.67212
-1.83504
-1.85009
-1.74231
-1.77418
-1.76384
-1.79818
-1.64726
-1.86588
-1.82125
-1.93845
-1.78823
-1.82268
-1.79274
-1.81408
-1.70363
-1.92982
-1.71615
-1.70651
-1.72679
-1.79345
-1.7296
-1.65953
-1.7213
-1.92943
-1.87803
-1.7944
-1.82669
-1.54676
-2.04924
-1.90532
-1.61672
-1.84659
-1.82465
-1.90481
-1.80735
-1.79169
-2.01068
-1.79847
-1.85668
-1.77511
-1.6352
-1.67414
-1.88724
-1.8863
-1.91549
-2.0511
-1.61891
-1.76191
-1.77925
-1.82772
-1.96256
-1.84472
-1.84632
-1.96116
-1.90823
-1.82729
-1.81398
-1.80722
-1.98497
-1.784
-1.81605
-1.54621
-1.75908
-1.7577
-1.69312
-1.68908
-1.8984
-1.77113
-1.7868
-1.64494
-1.84321
-1.80361
-1.51157
-1.7198
-1.77121
-1.73753
-1.6523
-1.62544
-1.88552
-1.76307
-1.88469
-1.86794
-1.76819
-1.51083
-1.84455
-1.84101
-1.76018
-1.75997
-1.72828
-1.80123
-1.674
-1.84819
-1.66858
-1.7558
-1.63077
-1.8021
-1.8105
-1.78746
-1.73564
-1.6433
-1.73266
-1.7368
-1.68979
-1.7857
-1.84582
-1.55756
-1.87437
-1.65913
-1.90496
-1.77222
-1.7113
-1.84729
-1.89121
-1.65435
-1.76715
-1.82839
-1.72968
-1.78424
-1.69516
-1.75708
-1.77085
-1.69283
-1.72745
-1.78173
-1.90698
-1.5724
-1.85804
-1.7896
-1.86988
-1.7748
-1.53597
-1.59305
-1.84726
-1.69362
-2.12538
-1.72883
-1.73352
-1.88283
-1.80638
-1.72155
-1.72791
-1.85787
-1.87272
-1.78514
-1.88688
-1.77376
-1.84086
-2.01597
-1.68597
-1.6155
-1.69207
-1.68151
-1.89916
-1.71769
-1.97018
-1.76689
-1.91108
-1.95298
-1.67851
-1.79887
-1.80248
-2.06868
-1.83636
-1.72194
-1.83613
-1.68117
-1.87668
-2.1897
-1.71947
-1.75295
-1.87416
-1.93929
-1.8022
-1.86204
-1.88514
-1.80688
-1.43144
-1.70141
-1.80272
-1.71355
-1.88952
-1.68094
-1.77898
-1.63839
-1.96443
-1.73507
-1.7806
-1.68951
-1.80044
-1.83392
-1.85071
-1.66589
-1.63156
-1.81917
-1.88852
-2.05459
-1.58924
-1.83953
-1.76414
-1.94964
-1.67324
-1.63762
-1.82526
-1.81591
-1.83742
-1.72776
-1.78614
-1.62467
-1.74477
-1.78458
-1.83133
-1.72624
-1.8294
-1.70928
-1.77631
-1.87103
-1.72487
-1.5997
-1.81177
-1.84255
-1.53457
-1.78262
-1.66711
-1.87162
-1.85681
-1.72755
-1.93491
-1.81397
-1.72133
-1.78882
-1.79023
-1.87485
-1.76626
-1.73571
-1.72608
-1.86456
-1.85533
-1.72697
-1.80311
-1.7071
-1.62897
-1.89533
-1.63686
-1.69523
-1.68437
-1.6832
-1.8907
-1.83865
-2.10488
-1.77135
-1.80011
-1.72102
-1.58256
-1.4891
-1.8637
-1.77653
-1.86697
-1.94978
-1.84248
-1.76947
-1.72142
-1.86209
-1.66307
-1.7793
-1.90033
-1.84864
-1.79504
-1.66126
-1.89201
-1.71478
-1.55147
-1.89343
-1.70402
-1.68684
-1.81397
-1.73656
-1.90513
-1.94403
-1.94213
-1.73641
-2.00799
-1.86869
-1.70453
-1.89498
-1.82035
-1.71398
-1.95802
-1.82855
-1.93998
-1.76715
-1.72955
-1.52215
-1.67146
-1.74961
-1.81598
-1.74066
-1.99283
-1.72459
-1.60949
-1.97113
-1.89595
-1.66175
-1.88577
-1.50772
-1.65304
-1.76493
-1.80774
-1.69737
-1.83955
-1.72392
-2.08037
-1.8461
-1.78476
-1.74897
-1.78417
-1.84287
-1.71705
-1.65931
-1.86765
-1.77641
-1.66431
-1.94518
-1.6791
-1.68133
-1.66923
-1.81036
-1.9391
-1.63884
-1.80433
-1.67715
-1.70041
-1.80426
-1.93511
-1.73514
-1.77384
-1.86629
-1.96704
-1.79192
-1.77176
-1.87619
-1.72
-1.6799
-1.7833
-1.83863
-1.95049
-1.98464
-1.90863
-1.74964
-1.88845
-1.79925
-1.71735
-1.7308
-1.73209
-1.78638
-1.75512
-1.75151
-1.77588
-1.71665
-1.80766
-1.78827
-1.74867
-1.80394
-1.61344
-1.8796
-1.82144
-1.96571
-2.04829
-1.64499
-1.61216
-1.843
-2.11164
-1.80709
-1.801
-1.87286
-1.83916
-1.6584
-1.83453
-1.90755
-1.84005
-1.76617
-1.76751
-1.77143
-1.81062
-1.86244
-1.89829
-1.67518
-1.73886
-2.01259
-1.66441
-1.73345
-1.72644
-1.80113
-1.87707
-1.70811
-1.77161
-1.73181
-1.68215
-1.68585
-1.92915
-1.48403
-1.82612
-1.7062
-1.81337
-1.78991
-1.91105
-1.98451
-1.72084
-1.73971
-1.75816
-1.78737
-1.74472
-1.68494
-1.74585
-1.7806
-1.90086
-1.70132
-1.74095
-2.18694
-1.632
-1.7897
-1.67484
-1.85046
-1.58279
-1.80295
-1.8505
-1.74793
-1.76438
-1.99214
-1.89485
-1.65822
-1.66905
-1.76859
-1.84634
-1.75825
-1.83011
-1.69889
-1.62029
-1.72184
-1.73817
-2.02701
-1.75886
-1.81336
-1.6823
-1.84578
-1.59235
-1.88353
-1.65579
-1.65586
-1.78304
-1.48997
-1.6212
-1.75105
-1.60458
-1.83294
-1.82087
-1.91034
-1.81779
-1.59802
-2.06085
-1.94275
-1.67335
-2.08755
-1.9228
-1.76117
-1.85492
-1.70936
-1.71826
-1.70054
-1.91434
-1.65086
-1.89702
-1.80153
-1.54402
-1.85118
-1.87258
-1.97658
-1.66741
-1.82776
-1.57426
-1.71917
-1.66224
-1.75704
-1.80273
-1.80245
-1.61837
-1.7645
-1.64396
-1.90237
-1.89679
-1.79486
-1.91072
-1.96256
-1.56514
-1.92792
-1.74933
-1.80623
-2.00929
-1.4585
-1.71238
-1.61134
-1.87997
-1.69178
-1.81864
-1.84589
-1.70537
-1.66568
-2.00542
-1.66239
-1.89726
-1.67343
-1.68654
-1.72577
-1.85887
-1.77119
-1.77775
-1.81832
-1.82901
-1.77976
-1.99004
-1.64411
-1.98284
-1.49301
-1.801
-1.61181
-1.71199
-1.70441
-1.75669
-1.95139
-1.68619
-1.57812
-1.84141
-1.79276
-1.92818
-1.81206
-1.95281
-1.94533
-1.70232
-1.69255
-1.85793
-1.68548
-1.83452
-1.98111
-1.92258
-1.79196
-1.92564
-1.87035
-1.91661
-1.78398
-1.9396
-1.7456
-2.02035
-1.63288
-1.95417
-1.52157
-1.93696
-1.82406
-1.78766
-1.83917
-1.69848
-1.98383
-1.87068
-1.94165
-1.9239
-1.81829
-1.94497
-1.59522
-1.85332
-1.56174
-1.7505
-1.84226
-1.75754
-2.10192
-1.9067
-1.61716
-1.82589
-1.63654
-1.74014
-2.00977
-1.6713
-1.72045
-1.80701
-1.98943
-1.6141
-1.85675
-1.85664
-1.57415
-1.77063
-1.91728
-1.82667
-1.75788
-1.79928
-1.91188
-1.75113
-1.87245
-1.70486
-1.8063
-1.74918
-1.92418
-1.8063
-1.84697
-1.82969
-1.99414
-1.90521
-1.89142
-1.84604
-1.84347
-1.78378
-1.58864
-1.92535
-1.49774
-1.77301
-1.85464
-1.75762
-1.70647
-1.79938
-1.61777
-1.48274
-1.97241
-1.78825
-1.72469
-1.71395
-1.74037
-1.80747
-1.70711
-1.93645
-1.83513
-1.9264
-1.89928
-1.8261
-1.75009
-1.86635
-1.80238
-1.83166
-1.50438
-1.8843
-1.77784
-1.63102
-1.70191
-1.81613
-1.81957
-1.8676
-1.92184
-1.85422
-1.79039
-1.66471
-1.91716
-1.98591
-1.92181
-2.04699
-1.75694
-1.77798
-1.82603
-1.72346
-1.80936
-1.50709
-1.88459
-1.84091
-1.54269
-1.83395
-1.72768
-1.95404
-1.51185
-1.78058
-1.72338
-1.69992
-1.61495
-1.73505
-1.75517
-1.52634
-1.71268
-1.61466
-1.93819
-1.78027
-1.8587
-1.92302
-1.75207
-1.99048
-1.90415
-1.74325
-2.07658
-1.69014
-1.93953
-1.90187
-1.8425
-1.76719
-1.74645
-1.72187
-1.85902
-2.0817
-1.74508
-1.7519
-1.79932
-1.86724
-1.72503
-1.73621
-1.65523
-1.67346
-1.65529
-1.79957
-1.68766
-1.85763
-1.79396
-1.75709
-1.98409
-1.80907
-1.64981
-1.77251
-1.89023
-1.71296
-1.77836
-1.58774
-1.75684
-1.77958
-1.56427
-1.64043
-1.84687
-1.86738
-1.96782
-1.8308
-1.83874
-1.92712
-1.74907
-1.72959
-1.621
-1.66437
-1.90756
-1.77073
-1.80056
-1.81592
-1.79867
-1.90905
-1.80707
-1.80842
-1.61471
-1.85803
-1.64352
-1.72675
-1.56233
-1.90885
-1.85387
-1.77167
-1.7526
-1.92446
-1.84966
-1.81448
-1.59383
-1.76486
-1.72643
-1.84648
-1.88164
-1.91853
-1.77145
-1.77282
-1.74014
-2.03513
-1.90569
-1.85479
-1.86413
-1.7101
-1.70677
-1.76344
-1.87368
-1.75618
-1.77523
-2.08618
-1.85433
-1.82368
-1.79313
-1.53939
-1.84852
-1.75852
-1.93014
-1.96301
-1.81998
-1.77369
-1.81851
-1.7736
-1.68826
-1.75115
-1.88339
-1.64326
-2.03435
-2.04461
-1.87703
-1.77042
-1.93155
-1.8862
-1.90234
-1.72697
-1.71657
-1.73494
-1.79196
-1.83095
-1.75075
-1.55749
-1.5439
-1.76053
-1.78603
-1.75026
-1.85074
-1.81593
-1.68258
-1.68854
-1.81327
-1.87345
-1.90879
-1.76098
-1.78725
-1.85929
-1.55079
-1.61345
-1.6189
-1.90318
-1.7824
-1.89638
-1.60897
-1.7499
-1.70443
-1.78369
-1.88762
-1.71865
-1.90829
-1.80314
-1.77474
-1.78372
-1.69542
-1.6886
-1.68232
-1.5822
-1.79224
-1.65294
-1.72334
-1.78533
-1.78135
-1.87043
-1.6798
-1.8362
-1.49147
-1.72647
-1.86475
-1.87818
-1.82564
-2.02585
-1.99203
-1.73402
-1.81372
-1.45762
-1.6487
-2.033
-2.0089
-1.92298
-1.76904
-1.78
-1.82175
-1.73913
-1.72777
-1.75629
-1.7583
-1.77442
-1.87519
-1.61699
-2.00063
-1.72051
-1.85707
-1.96579
-1.63028
-1.7399
-1.79786
-1.91411
-1.63684
-1.94721
-1.73849
-1.63452
-1.68961
-1.68073
-1.68925
-1.88479
-1.5895
-1.68025
-1.7016
-1.65947
-1.64914
-1.615
-1.83193
-1.70838
-1.61754
-1.68384
-1.533
-1.62061
-1.82397
-1.78961
-1.99225
-1.82357
-1.93213
-1.78955
-1.88822
-1.66987
-1.75396
-2.02078
-1.77105
-1.83885
-1.73518
-1.58526
-1.67866
-1.76697
-1.77575
-1.97682
-1.9442
-1.92571
-1.67047
-1.73892
-1.66088
-1.78445
-1.86123
-1.82568
-1.6916
-1.96619
-1.72464
-1.97428
-1.71779
-1.79687
-1.77046
-1.69427
-1.6587
-1.7651
-1.65549
-1.75759
-2.04622
-1.61174
-1.54602
-1.77799
-1.79086
-1.87099
-1.60768
-1.88909
-1.90528
-1.78821
-1.94536
-1.72918
-1.76219
-1.74768
-1.95331
-1.85586
-1.83898
-1.7095
-1.73798
-1.95068
-1.83826
-1.9806
-1.95232
-1.90324
-1.81364
-1.72353
-1.88004
-1.96117
-1.82579
-1.56064
-1.7956
-1.81213
-1.69647
-1.71705
-1.65324
-1.984
-1.60987
-1.6841
-1.68612
-1.94464
-1.5953
-1.83025
-1.87211
-1.9494
-1.67168
-1.59321
-1.79277
-1.78756
-1.71445
-1.86961
-1.77297
-1.90872
-1.68787
-1.9439
-1.61492
-1.71696
-1.68133
-1.66933
-1.81681
-1.71823
-1.89471
-1.8515
-1.82064
-1.80666
-1.96718
-1.8945
-1.95019
-1.83469
-1.94938
-1.92977
-2.04143
-1.75539
-1.74051
-1.84963
-1.94515
-2.03912
-2.03356
-1.66029
-1.70936
-1.60106
-1.84681
-1.82273
-1.62984
-1.6055
-1.73657
-2.00366
-1.68908
-1.75822
-1.60171
-1.54484
-1.97253
-1.87857
-1.7576
-1.85298
-1.68403
-1.82374
-2.03352
-1.75896
-1.91416
-1.88039
-1.60342
-2.08034
-1.87638
-1.58882
-1.81045
-1.71818
-1.91458
-1.65849
-1.89034
-1.62991
-1.69774
-1.84455
-1.87963
-1.70833
-1.82379
-1.85128
-1.77552
-1.86764
-1.76982
-1.8138
-1.69507
-1.70711
-1.81306
-1.66643
-1.79463
-1.80806
-1.86419
-1.69642
-1.64191
-1.76772
-1.55752
-1.89585
-1.79747
-1.70765
-1.87365
-1.97839
-1.70193
-1.80765
-1.58131
-1.84056
-1.98134
-1.71441
-1.67025
-1.71103
-1.70645
-1.83166
-1.72025
-1.90688
-1.74996
-1.74426
-1.79083
-2.0809
-1.82435
-2.07821
-1.76133
-1.73885
-1.77
-1.78395
-1.73871
-1.69217
-1.79058
-1.89198
-1.74073
-1.87997
-1.7639
-1.74413
-1.62504
-1.82375
-1.72284
-1.84599
-1.8247
-1.82757
-1.87365
-1.78246
-1.74645
-1.76087
-1.76858
-1.56263
-1.73014
-1.72165
-1.87561
-1.7376
-1.70396
-1.94667
-1.78505
-1.80219
-1.73255
-1.87835
-1.75024
-1.90386
-1.66132
-1.55126
-1.9735
-1.75987
-1.78685
-1.62836
-1.73971
-2.01433
-1.75009
-1.70581
-1.84699
-1.7141
-1.74752
-1.88833
-1.8587
-1.8325
-1.89867
-1.44749
-1.90317
-1.93586
-1.68733
-1.71155
-2.14456
-1.88579
-1.83016
-2.03107
-1.6489
-1.86585
-1.88238
-1.59629
-1.82488
-1.35851
-1.71386
-1.60938
-1.75567
-1.82607
-1.76962
-1.58116
-1.74396
-1.91934
-1.61838
-1.85306
-1.79488
-1.69823
-1.85627
-1.74717
-1.95559
-1.88342
-1.81028
-1.79753
-1.98455
-1.95979
-1.85512
-1.63668
-1.69863
-1.84843
-1.61232
-1.81944
-1.7489
-1.92648
-1.84647
-1.57036
-1.71481
-1.87963
-1.77948
-1.76567
-1.6626
-1.67683
-1.57138
-1.81393
-1.98765
-1.90958
-1.87207
-1.72438
-1.91296
-1.75207
-1.57096
-1.79952
-1.75426
-1.68934
-1.82269
-1.64887
-1.74417
-1.63639
-2.03054
-1.76329
-1.48679
-1.57378
-1.86144
-1.71033
-2.10729
-1.69576
-1.68051
-1.93603
-1.90656
-1.70593
-1.65347
-1.74266
-1.61639
-1.76395
-1.87749
-1.61811
-1.8239
-1.84593
-1.84146
-1.80448
-1.64624
-1.78243
-1.79533
-1.9916
-1.74546
-1.94184
-1.95953
-1.57149
-1.97818
-1.82
-1.89924
-1.78284
-1.67064
-1.78882
-2.01793
-2.02933
-1.73386
-1.78219
-1.75814
-1.70929
-1.75465
-1.65404
-1.69562
-1.58928
-1.70907
-1.93596
-1.81103
-1.78871
-1.74814
-1.71774
-1.88634
-2.00093
-2.05159
-1.787
-1.84662
-1.61137
-2.0546
-1.90103
-1.92171
-1.76297
-1.79819
-1.99761
-1.71902
-1.91364
-1.74282
-2.08065
-1.89316
-1.45719
-1.72722
-1.59259
-1.9273
-1.85151
-1.76414
-1.79826
-1.87212
-1.96374
-1.97785
-1.79452
-1.71675
-1.60111
-1.7833
-1.55358
-1.71183
-1.86953
-1.59161
-1.95632
-1.8091
-1.72753
-1.81978
-1.76522
-1.74932
-1.81345
-1.87043
-1.85896
-1.73056
-1.74406
-1.63339
-1.70958
-1.85974
-1.7435
-1.78891
-1.88713
-1.78164
-2.08352
-1.84811
-1.90155
-1.8809
-1.78075
-1.50289
-1.74771
-1.83595
-1.63472
-1.74751
-1.65485
-1.97583
-1.88776
-1.96145
-1.75196
-1.89217
-1.67566
-1.81786
-1.56304
-1.84563
-1.62738
-1.64839
-1.55672
-1.61844
-1.89461
-1.75111
-1.69326
-1.85246
-1.83173
-1.52033
-1.87794
-1.72564
-1.78474
-1.59464
-1.94103
-1.88906
-2.00067
-1.75998
-1.82506
-1.7814
-1.7719
-1.82794
-1.76904
-1.91029
-1.5808
-2.19564
-1.53494
-1.79903
-1.8071
-1.85185
-1.51471
-1.69643
-1.77048
-1.76084
-1.50473
-1.82098
-1.82257
-1.80378
-2.03419
-1.81162
-1.59652
-1.80189
-1.80546
-1.65747
-1.85656
-1.59621
-1.8815
-1.81224
-1.9315
-1.71345
-1.65258
-1.71167
-2.00655
-1.88095
-1.69937
-1.8613
-2.01893
-1.87214
-1.95207
-1.90304
-1.80639
-1.85141
-1.77255
-1.98828
-1.75097
-1.82865
-1.59983
-1.72685
-2.00442
-1.69097
-1.80113
-1.95791
-1.82319
-1.65146
-1.91114
-1.64914
-1.78938
-1.86006
-1.72632
-1.70812
-1.79336
-1.6495
-1.65008
-1.60863
-1.77283
-1.71485
-1.89078
-1.71904
-1.87344
-2.01676
-1.73678
-1.76667
-1.70002
-1.70112
-1.74736
-1.96575
-1.81156
-1.88008
-1.80535
-1.79238
-1.78268
-1.84179
-1.93253
-1.64605
-1.64815
-1.73457
-1.81264
-1.98775
-1.76731
-1.86693
-1.78151
-1.99401
-1.74326
-1.7986
-1.73281
-1.68151
-1.70852
-1.84943
-1.82014
-1.78118
-1.93015
-1.71063
-1.64425
-1.86932
-1.90045
-1.67981
-1.71673
-1.62335
-1.65838
-1.66897
-1.67972
-1.84531
-1.55463
-1.62263
-1.85044
-1.76741
-1.80186
-1.82131
-1.80282
-2.06079
-1.83285
-1.80176
-1.89082
-1.81969
-1.63878
-1.73517
-1.73322
-1.78456
-1.72851
-1.78954
-1.71211
-1.62683
-1.81787
-1.81471
-1.43929
-1.7227
-1.75618
-1.80651
-1.51888
-1.71579
-1.79958
-2.02136
-1.92626
-1.88624
-1.79536
-2.00253
-1.85517
-1.63954
-1.77904
-1.80097
-1.90956
-1.68376
-1.72335
-1.73818
-1.88281
-1.61121
-1.88382
-1.60086
-1.8773
-1.88769
-1.67161
-1.82877
-1.72943
-1.76467
-1.90515
-1.68459
-1.60959
-1.71807
-1.71169
-1.77482
-1.76297
-1.7145
-1.72282
-1.76436
-1.94041
-1.66503
-1.77192
-1.69005
-1.50019
-1.81054
-1.93297
-1.78885
-1.702
-1.68983
-1.72974
-1.79279
-1.76514
-1.66665
-1.82285
-1.80936
-2.08032
-1.81416
-1.82799
-1.77376
-2.00468
-1.73278
-2.03286
-1.94457
-1.66849
-1.7215
-1.91235
-1.87875
-1.70268
-1.91317
-1.94194
-1.74223
-1.85453
-1.64337
-1.92626
-1.67161
-1.72458
-1.69239
-1.7038
-1.83621
-1.81569
-1.7727
-1.78086
-1.80944
-1.92461
-1.58941
-1.87655
-1.77059
-1.80759
-1.76223
-1.99899
-1.90573
-1.81639
-1.74717
-1.73273
-1.85522
-1.82519
-1.97623
-1.8884
-1.69432
-1.70347
-1.65158
-1.82202
-1.78402
-1.50854
-1.69203
-1.87693
-1.76443
-1.65396
-1.85135
-1.83522
-1.77471
-1.87046
-1.87236
-1.73775
-1.8746
-1.74444
-1.7794
-1.97099
-1.78901
-1.87431
-1.59443
-1.97479
-1.81656
-1.7447
-1.77311
-1.73704
-1.59248
-1.90013
-1.87507
-1.78626
-1.66277
-1.9218
-1.5687
-1.8082
-1.72667
-1.79934
-1.82088
-1.796
-1.74324
-1.69534
-1.57187
-1.8145
-1.92864
-1.86755
-1.6472
-1.75293
-1.62976
-1.81801
-1.70875
-1.65823
-1.79279
-1.70169
-1.91175
-1.76882
-1.80469
-1.66417
-1.78966
-1.83373
-1.99383
-1.78866
-1.85762
-1.56513
-1.95345
-1.89398
-1.94933
-1.58916
-1.90513
-1.76654
-1.90275
-1.84589
-1.605
-1.64782
-1.83715
-1.76605
-1.8065
-1.81004
-1.79245
-1.79223
-1.83022
-2.00619
-1.76084
-1.7733
-1.90727
-1.91591
-1.86069
-1.72308
-1.98449
-1.5445
-1.78157
-1.78995
-1.75302
-1.93343
-1.69499
-1.8
-1.85181
-1.82227
-1.97166
-1.75663
-1.61532
-1.62762
-1.67022
-2.0581
-1.92357
-1.88817
-1.89384
-1.78039
-1.82246
-1.73279
-1.94704
-1.82478
-1.63562
-1.84463
-1.93157
-1.81732
-1.8365
-1.87998
-1.78043
-1.86443
-1.73034
-1.55804
-1.73754
-1.61901
-1.70858
-1.95021
-1.6287
-1.68146
-1.66739
-1.75569
-1.81964
-1.45878
-1.8504
-2.05651
-1.68368
-1.87571
-1.78761
-1.72477
-1.88024
-1.80065
-1.88196
-1.93226
-1.62382
-1.79841
-1.98477
-1.65962
-1.68606
-1.78614
-1.81577
-1.90765
-1.59471
-1.65412
-1.6319
-1.75896
-1.67416
-1.63891
-1.91668
-1.56628
-1.7822
-1.60675
-1.78915
-1.95145
-1.87684
-1.61123
-1.76462
-1.61727
-1.81087
-1.72611
-1.78305
-1.81873
-1.69804
-1.6889
-1.73502
-1.70501
-1.87271
-1.77934
-1.75668
-1.79323
-1.61844
-1.72604
-1.95057
-1.74239
-1.8916
-1.87241
-1.82819
-1.90285
-1.57542
-1.60432
-1.62836
-1.68189
-1.84515
-2.04731
-1.6703
-1.85909
-1.74094
-1.81275
-1.68628
-1.64425
-1.972
-1.64982
-1.75625
-2.06867
-1.59906
-1.93902
-1.7289
-1.83588
-1.71289
-1.5776
-1.79043
-1.7385
-1.86842
-1.7497
-1.76663
-1.70119
-1.74025
-1.87675
-1.6828
-1.9127
-1.75444
-1.76592
-1.78737
-1.85854
-1.6631
-1.88807
-1.69031
-1.84317
-1.57079
-1.78405
-1.90336
-1.69621
-1.85909
-1.79805
-1.92374
-1.9565
-1.81848
-1.71676
-1.74534
-1.89269
-1.87855
-1.78811
-1.90388
-1.91682
-1.91673
-1.97881
-1.96215
-1.83235
-2.06281
-1.86291
-1.9131
-1.69455
-1.88671
-1.97023
-1.78685
-1.63595
-2.02067
-1.71994
-2.06835
-1.86585
-1.78115
-2.08747
-2.16485
-1.80442
-1.7092
-1.78699
-1.79595
-1.85708
-1.89854
-1.68238
-1.91
-1.86698
-1.78238
-1.9138
-1.91402
-1.62007
-1.78473
-1.69758
-1.50687
-1.83356
-1.81117
-1.83285
-1.58179
-1.78641
-1.91873
-1.62798
-1.69409
-1.79902
-1.99343
-1.84501
-1.69602
-1.84884
-2.01385
-1.74867
-1.67694
-2.03313
-1.66797
-1.95174
-2.02113
-1.66906
-1.62193
-1.6564
-1.54962
-1.64699
-1.82842
-1.72716
-1.73467
-1.65495
-1.68705
-1.5626
-1.87184
-1.7813
-1.93448
-1.88039
-1.7699
-1.80047
-1.66617
-1.87056
-1.8102
-2.01309
-1.71105
-2.01745
-1.65122
-1.74717
-1.63171
-1.93567
-1.73668
-1.7427
-1.89175
-1.98263
-1.8746
-1.99467
-1.84379
-1.73803
-1.71607
-1.77916
-1.78806
-1.83102
-1.69175
-1.71051
-1.70388
-1.62934
-1.74297
-1.71155
-1.79327
-1.77709
-1.68496
-1.88368
-1.92272
-1.72828
-1.79888
-1.95065
-1.81422
-1.86542
-1.70446
-1.82872
-1.93025
-1.84826
-1.73892
-1.8204
-1.57614
-1.83887
-1.76356
-1.64465
-1.74296
-1.72983
-1.84103
-1.76551
-1.77434
-1.6941
-1.78877
-1.91323
-2.12736
-1.70744
-1.77207
-1.6264
-1.67132
-1.8596
-1.68077
-1.8159
-1.79792
-1.96814
-1.95896
-1.56501
-1.75131
-1.76069
-1.70894
-1.89731
-1.97713
-1.57827
-1.66459
-2.02561
-1.57444
-1.70423
-1.88278
-1.9475
-1.71851
-1.7929
-1.93355
-1.99852
-1.79242
-2.0127
-1.78754
-1.5948
-1.64254
-2.09677
-1.82085
-2.11636
-1.80588
-1.76272
-1.78874
-1.71388
-1.78572
-1.62065
-1.83005
-2.05134
-1.77513
-1.81029
-1.68484
-1.79898
-1.87737
-1.8157
-1.7126
-1.69635
-1.79632
-1.80612
-1.87397
-1.91211
-1.69183
-1.79351
-2.1616
-1.68891
-1.74473
-1.66182
-1.84645
-1.91197
-2.10563
-1.64281
-1.69461
-1.64092
-2.03788
-1.84772
-1.81767
-1.93295
-1.89865
-1.74433
-1.80554
-1.8851
-1.62628
-1.94808
-1.63499
-1.98798
-1.92669
-1.96472
-1.67186
-1.72628
-1.83447
-1.6798
-1.64707
-1.67543
-1.77369
-1.88203
-1.80596
-1.55698
-1.81204
-1.78016
-1.87538
-1.78359
-1.74761
-1.89611
-1.81205
-1.59307
-2.00846
-1.77192
-1.80824
-1.56402
-1.94011
-1.80755
-1.85578
-1.79959
-1.79496
-1.87131
-1.80259
-1.85496
-1.77198
-1.64395
-1.75009
-1.76898
-1.76702
-1.91242
-1.71129
-1.6959
-1.79889
-1.68716
-1.71185
-1.51209
-1.90136
-1.53761
-2.0169
-1.61539
-1.79491
-1.96807
-1.62268
-1.81024
-1.68585
-1.7508
-1.81246
-1.78068
-1.77782
-1.94416
-1.8089
-1.65423
-1.67893
-1.7969
-1.62007
-1.81671
-1.73589
-1.69306
-2.07074
-1.68702
-1.80376
-1.75167
-1.79116
-1.78884
-1.80481
-1.80467
-1.80796
-1.85496
-1.74201
-1.81634
-1.87383
-2.0283
-1.85266
-1.7986
-1.53303
-1.432
-1.57778
-1.70057
-1.90755
-2.04022
-1.86728
-1.544
-1.6499
-1.66841
-1.71126
-1.76653
-1.77366
-1.82444
-1.86725
-1.73654
-1.80756
-1.70729
-1.75936
-1.78677
-1.62194
-1.60295
-1.71128
-1.85442
-1.78384
-1.67136
-1.93261
-1.85987
-1.76937
-1.72873
-1.64628
-1.69345
-1.85877
-1.69696
-1.88549
-1.92433
-1.94725
-1.90955
-1.87641
-1.72151
-1.81165
-1.6632
-1.75713
-2.12515
-1.73975
-1.80845
-1.87819
-1.61835
-1.80875
-1.80603
-2.03582
-1.50406
-1.76505
-1.91388
-1.77591
-1.84009
-1.68379
-1.75749
-1.77336
-1.77487
-1.64064
-1.85383
-1.55664
-1.84736
-1.87784
-1.78875
-1.71158
-1.62679
-1.86762
-1.87966
-1.74443
-1.8571
-1.86629
-1.81783
-1.67537
-1.75301
-1.74509
-1.73532
-1.70561
-1.83995
-1.94122
-1.80189
-1.67919
-1.76714
-1.8501
-1.80123
-1.96977
-1.72994
-1.75046
-1.63086
-1.74577
-1.85639
-1.61636
-1.72277
-1.55208
-1.8979
-1.84935
-1.9032
-1.73776
-1.84997
-1.86901
-1.7768
-1.60945
-1.73511
-1.78647
-2.01821
-1.7658
-1.94983
-1.83518
-1.87128
-1.68915
-1.8998
-1.89119
-1.86199
-1.50991
-1.81422
-1.68171
-1.75469
-1.92161
-1.68861
-1.86431
-1.7969
-1.91691
-1.83608
-1.7437
-1.8233
-1.62743
-1.83575
-1.86125
-1.6453
-1.62614
-1.63886
-1.95218
-1.8652
-1.71825
-1.97989
-1.87041
-1.83865
-1.83261
-1.653
-1.96026
-1.87701
-1.58094
-1.72705
-1.98938
-1.85417
-1.87035
-1.98264
-1.66112
-1.82382
-1.86686
-1.75959
-1.89342
-1.84832
-1.77738
-1.81433
-1.65733
-1.89138
-1.79561
-1.69674
-1.73354
-1.71441
-1.85451
-1.79233
-1.9449
-1.62545
-1.86858
-1.77553
-1.85042
-1.82911
-1.9945
-1.82503
-1.76196
-1.67055
-1.94212
-1.70713
-1.76278
-1.78459
-1.79246
-2.00927
-1.80681
-1.92921
-1.77942
-1.79321
-1.51597
-1.8754
-1.8673
-1.83069
-1.87077
-1.73285
-1.90665
-1.78249
-1.98366
-1.74297
-1.61882
-1.75036
-1.82521
-1.79527
-1.87569
-1.93425
-1.53345
-1.79812
-1.82975
-1.96071
-1.88108
-1.85283
-1.72416
-1.59997
-1.6467
-1.90423
-1.82731
-1.85941
-1.79817
-1.84314
-1.74664
-1.74102
-1.74081
-1.75716
-1.93476
-1.82395
-1.83571
-2.06034
-1.87376
-1.87685
-1.91979
-1.901
-2.00729
-1.99853
-1.66884
-1.58903
-1.99704
-1.68041
-1.81809
-1.71453
-1.52627
-1.72351
-1.69433
-1.83016
-1.48489
-1.74728
-1.88371
-1.80837
-2.15622
-1.65175
-1.66796
-1.62611
-1.86825
-1.6749
-1.656
-1.76322
-1.745
-1.78735
-1.67584
-1.92394
-1.60014
-1.75394
-1.81614
-1.79153
-1.86696
-1.69486
-1.87925
-1.7628
-1.74304
-1.69147
-1.71346
-1.73112
-1.80521
-1.80832
-1.81981
-1.73907
-1.73312
-1.97982
-1.90646
-1.67445
-1.57066
-1.82031
-1.74376
-1.73392
-1.56332
-1.88524
-1.72974
-1.86334
-1.87789
-1.70844
-1.84833
-1.63987
-1.66577
-2.08921
-1.80972
-1.5812
-1.83292
-1.91972
-1.93469
-1.76031
-1.86781
-1.87792
-1.75164
-1.9033
-1.88193
-1.83879
-1.81228
-1.91481
-1.62024
-1.7429
-1.83138
-1.81421
-1.84245
-2.19551
-1.76949
-1.87086
-1.87205
-1.62912
-1.84455
-1.83703
-1.72152
-1.82859
-1.91164
-1.74535
-1.81396
-1.62127
-1.69573
-1.77671
-1.95189
-2.01083
-1.92851
-1.73454
-1.86976
-2.01908
-1.75615
-1.75763
-1.62924
-1.79765
-1.75376
-1.81915
-1.73384
-1.58598
-1.91961
-1.75764
-1.6213
-2.01361
-1.73345
-2.00673
-1.63785
-1.76035
-1.65557
-1.65681
-1.98465
-1.87612
-1.97991
-1.69794
-1.66853
-1.62372
-1.76095
-1.50552
-2.08207
-1.75053
-1.94288
-1.77693
-1.67816
-1.81821
-1.76369
-1.82819
-1.76107
-1.77279
-1.81015
-1.84961
-1.66463
-1.67048
-1.53713
-1.74719
-1.75204
-1.91005
-1.74114
-1.92308
-1.72265
-1.86044
-1.86927
-1.81232
-1.87527
-1.6895
-1.63697
-1.72684
-1.92501
-1.79329
-1.71205
-2.02515
-1.74821
-1.75206
-1.74822
-1.6808
-1.54319
-1.78001
-1.78658
-1.66451
-1.76109
-1.62922
-1.72215
-1.74277
-1.89542
-1.86851
-1.79183
-1.90227
-1.77091
-1.68864
-1.69853
-1.7591
-1.71891
-1.87805
-1.87032
-1.78888
-1.86602
-1.82164
-1.70822
-1.97657
-1.70115
-1.9304
-1.71135
-1.75095
-1.79095
-1.88643
-1.75693
-1.75896
-1.92565
-2.0248
-1.79161
-1.7785
-1.80793
-1.77118
-1.99605
-1.91478
-1.86521
-1.86498
-1.76896
-1.95451
-1.79496
-1.60502
-1.62647
-2.01829
-1.77265
-1.77462
-1.89156
-1.79677
-1.59657
-1.88958
-1.77713
-1.68383
-1.80437
-1.46577
-1.71764
-1.83709
-1.66213
-1.61252
-1.98405
-1.80033
-1.88382
-2.03978
-1.80768
-1.7331
-1.74494
-1.70776
-1.82562
-1.88392
-1.8526
-1.87834
-1.83351
-1.81148
-1.68144
-1.57478
-1.8661
-1.94206
-1.69786
-1.80576
-1.80303
-1.78485
-1.79498
-2.06422
-1.57792
-1.8756
-1.73706
-1.62436
-1.65227
-1.49968
-1.91029
-1.89473
-1.86618
-1.84586
-1.93368
-1.87734
-1.63286
-1.7753
-1.73366
-1.97
-1.89373
-1.73435
-1.65088
-1.75231
-1.63452
-1.76488
-1.85232
-1.65415
-1.56738
-1.91448
-1.82375
-1.85909
-1.71578
-1.68564
-1.89474
-1.79953
-1.95634
-1.674
-1.81021
-1.7274
-1.93362
-1.7612
-1.61472
-1.85169
-1.65814
-1.69399
-1.88104
-1.65479
-1.64265
-1.89371
-1.74977
-1.49341
-1.91019
-1.82112
-1.63407
-1.8537
-1.70517
-1.66586
-1.7184
-1.8565
-1.67232
-1.72513
-1.72172
-1.72469
-2.03732
-1.69467
-1.568
-1.83429
-1.79067
-1.73121
-1.76838
-1.76934
-1.74987
-1.75746
-1.74114
-1.78024
-1.68043
-1.84628
-1.76106
-1.64527
-1.74994
-1.83064
-1.72766
-1.82114
-1.97692
-1.76719
-1.83001
-1.73678
-1.83846
-1.80722
-1.76612
-2.01557
-1.81835
-1.88442
-1.55552
-1.83373
-1.69593
-1.87867
-1.69323
-1.92946
-1.89114
-1.84143
-1.7494
-1.91011
-1.43906
-1.64077
-1.94443
-1.71856
-1.763
-1.78333
-2.01198
-1.85502
-1.77523
-1.78565
-1.49937
-1.5649
-1.79744
-1.70113
-1.71385
-1.81064
-1.75152
-1.56658
-1.85081
-1.76505
-1.75888
-1.86957
-1.7116
-1.87112
-1.80576
-1.76964
-1.77094
-1.55625
-1.77593
-1.48191
-1.53998
-1.72848
-1.6855
-1.93068
-2.04384
-1.79895
-1.67784
-1.89649
-1.8238
-1.89213
-2.13019
-1.72362
-1.7825
-1.93185
-1.78772
-1.64688
-1.86795
-1.79748
-1.60251
-1.75378
-1.71811
-1.93015
-1.62016
-1.7036
-1.87289
-1.91826
-1.83685
-1.90461
-1.82544
-1.73106
-1.88652
-1.80031
-1.71969
-1.69414
-1.73956
-1.81405
-1.89442
-1.81891
-1.78164
-1.73258
-1.72397
-1.68284
-1.80623
-1.73833
-1.62853
-1.78047
-1.8101
-1.541
-1.85003
-1.68609
-1.57835
-1.72198
-2.01151
-1.73936
-1.74633
-1.86847
-1.64158
-1.8032
-1.80014
-1.74307
-1.64784
-1.56652
-1.80774
-1.64936
-1.91112
-1.91953
-1.95272
-2.02279
-1.74554
-1.68828
-1.95523
-1.95201
-1.72984
-1.80862
-1.6736
-1.88705
-1.82232
-1.77632
-1.65637
-1.94207
-1.9599
-1.7879
-1.6693
-1.89051
-1.88366
-1.60962
-2.00759
-1.68824
-1.60011
-1.48446
-1.73464
-2.01469
-1.65878
-1.77435
-1.90392
-1.71676
-1.74748
-1.73248
-1.9767
-1.70595
-1.67471
-1.98033
-1.98737
-1.71573
-1.80502
-2.0397
-1.7116
-1.7555
-1.8339
-1.92059
-1.95736
-1.6149
-1.78936
-1.89941
-1.87036
-1.76398
-1.45793
-1.80234
-1.68244
-1.99236
-1.8314
-1.76649
-1.78538
-1.66555
-1.8206
-1.80082
-2.02336
-1.76585
-1.71134
-1.5425
-1.66328
-2.0339
-1.70908
-1.766
-1.80374
-2.12435
-1.88867
-1.79314
-1.88257
-1.92942
-1.83578
-1.9595
-1.52961
-1.82532
-1.77836
-1.6109
-1.86812
-1.48425
-1.43599
-1.87546
-1.77055
-1.97219
-1.72317
-1.597
-1.85085
-1.90795
-1.84154
-1.92534
-1.74455
-1.66404
-1.67168
-1.95816
-1.7814
-1.87952
-1.74888
-1.63444
-1.65017
-1.91015
-1.73569
-1.82331
-1.77826
-1.89732
-1.99526
-1.7223
-1.74593
-1.63951
-1.69038
-1.66456
-1.84255
-1.73381
-1.91079
-1.7333
-1.79653
-1.84371
-1.77018
-1.80975
-1.9005
-1.65104
-1.83663
-1.89407
-1.83929
-1.94809
-1.84568
-1.66169
-1.87129
-1.75591
-1.54892
-1.72145
-1.74837
-1.82764
-1.66758
-1.80459
-1.62441
-1.74112
-1.85698
-1.93614
-1.82081
-1.81828
-1.90591
-1.8017
-1.82853
-1.85942
-1.67858
-1.72108
-1.72052
-1.82349
-1.70587
-1.84238
-1.82877
-1.791
-1.64837
-1.6554
-1.62207
-1.90897
-1.83845
-1.70503
-1.7596
-1.98597
-1.93567
-1.73921
-1.61733
-1.80654
-1.65599
-1.63437
-1.68885
-1.86694
-1.68854
-1.78501
-1.75579
-1.63177
-1.84535
-1.83357
-1.69413
-1.57893
-1.68216
-1.76899
-1.89227
-1.91962
-1.94835
-1.87966
-1.82641
-1.82596
-1.88165
-1.85392
-1.60754
-1.81151
-1.75496
-1.57424
-1.83689
-1.74407
-1.95426
-1.69018
-1.82577
-1.8236
-1.62208
-1.68074
-1.6572
-1.8705
-1.99405
-1.61637
-1.65856
-1.35037
-1.89493
-1.91177
-1.85377
-1.83526
-1.72329
-1.88362
-1.55097
-1.68619
-1.88135
-1.66336
-1.7257
-2.0722
-1.84484
-1.80443
-1.72826
-1.82515
-1.9187
-2.0627
-1.94208
-1.73358
-1.80778
-1.70772
-1.76386
-1.78118
-1.63185
-1.62504
-1.81409
-2.09748
-1.7456
-1.64123
-1.85456
-1.90875
-1.58101
-1.66765
-1.75854
-1.57397
-1.91009
-1.91235
-1.72998
-1.85938
-1.98081
-1.6351
-1.7559
-1.65856
-1.86934
-1.99612
-1.7257
-1.7249
-1.66192
-1.76859
-1.87282
-1.80278
-1.67901
-1.82794
-1.65399
-1.7764
-1.67076
-1.9052
-1.7621
-1.80091
-1.6519
-1.87685
-1.79934
-1.58764
-1.8876
-1.80093
-2.07143
-1.83286
-1.57524
-1.6823
-1.75114
-1.82896
-1.8169
-1.68655
-1.80492
-1.90664
-1.85618
-2.04076
-1.58873
-1.71192
-1.71596
-2.07092
-1.66382
-1.95683
-1.75612
-1.85217
-1.6031
-1.64738
-1.85238
-1.73748
-1.84035
-1.78147
-1.78426
-1.61845
-1.8011
-1.83142
-1.7576
-1.62756
-1.86342
-1.59148
-1.86507
-1.95328
-1.92758
-1.88402
-1.66567
-1.71447
-1.95936
-2.10608
-1.92161
-1.67493
-1.64826
-1.71799
-1.71892
-1.89107
-1.787
-1.73808
-1.77558
-1.71272
-1.79409
-1.80254
-1.85241
-1.69189
-1.82255
-1.83212
-1.6884
-1.99309
-2.03019
-1.99065
-1.65535
-1.84505
-1.84068
-1.65409
-1.81554
-1.73467
-1.85167
-1.92002
-1.95159
-1.80571
-1.9048
-1.90058
-1.82202
-1.74114
-1.51131
-1.78232
-1.92255
-1.76007
-1.84718
-1.70484
-1.81482
-1.85481
-1.92704
-1.78343
-2.03261
-1.72135
-1.70542
-1.83729
-1.88991
-1.62392
-1.79123
-1.47055
-1.94117
-1.76434
-2.00708
-1.92521
-1.84859
-1.70718
-1.89293
-1.7659
-2.02281
-1.69909
-1.7536
-1.84455
-1.69499
-1.74065
-1.73314
-1.70727
-1.7615
-1.81603
-1.75165
-1.66824
-1.60352
-1.73287
-1.77471
-1.83947
-1.72345
-1.75696
-1.65065
-1.85104
-1.74191
-1.67017
-1.8016
-1.67381
-1.83029
-1.90639
-1.64222
-1.82947
-1.57438
-1.801
-1.82641
-1.80607
-1.88907
-1.9556
-1.72535
-1.75716
-1.85441
-1.80507
-2.05606
-1.78679
-1.69253
-1.75434
-1.66729
-1.67291
-1.70269
-1.78646
-1.80086
-1.64187
-1.75985
-1.84933
-1.7623
-1.7766
-1.7598
-1.61913
-1.89169
-1.80033
-1.81855
-1.66643
-1.79631
-1.84073
-1.7735
-1.84562
-1.74483
-1.7954
-1.63156
-1.87233
-1.74111
-1.86097
-1.87196
-1.61665
-1.73735
-1.71194
-1.65255
-1.50452
-2.04919
-1.72076
-1.87959
-1.50246
-1.86281
-1.59983
-1.66726
-1.65608
-1.8098
-1.89877
-1.80578
-1.81208
-1.97482
-1.96499
-1.71353
-1.86528
-1.9223
-1.84343
-1.58145
-1.67188
-1.83969
-1.72629
-1.67336
-1.75063
-1.68251
-1.77282
-1.67587
-1.71115
-1.87544
-1.79808
-1.76294
-1.68441
-1.62817
-1.6511
-1.74011
-1.90555
-1.60773
-1.7604
-2.00291
-1.5571
-1.83985
-1.86796
-1.9571
-1.75989
-1.98361
-1.85529
-1.60217
-2.02654
-1.87618
-1.68481
-1.69271
-1.83391
-1.75492
-1.87035
-1.73885
-1.84602
-1.76587
-1.79237
-1.72503
-1.73603
-1.91231
-1.70748
-1.63403
-1.83019
-1.68736
-1.70066
-1.80688
-1.79405
-1.73506
-1.93763
-1.82793
-1.84378
-1.79989
-1.87067
-1.75987
-1.90475
-1.73768
-1.81114
-1.69245
-1.91541
-1.72052
-1.75531
-1.8627
-1.59627
-1.67909
-1.83178
-1.80643
-1.78504
-1.92261
-1.81793
-1.79869
-1.6888
-1.6766
-1.81132
-1.82949
-1.63848
-1.8376
-1.75185
-1.91704
-1.85138
-1.72868
-2.04082
-1.51305
-1.78911
-1.84285
-1.79668
-1.63946
-1.81077
-1.55268
-1.70661
-1.77457
-1.77444
-1.81237
-1.88611
-1.82713
-1.67814
-1.78508
-1.80633
-1.97118
-1.6001
-1.68468
-1.71649
-1.70232
-1.63383
-1.79311
-1.78035
-1.80855
-1.89451
-1.82833
-1.89873
-1.68232
-1.69978
-1.83755
-1.73442
-1.86791
-1.71532
-1.87158
-1.92028
-1.86299
-1.90232
-1.80105
-1.97206
-1.89838
-1.64189
-1.79007
-1.9441
-1.85548
-1.58199
-1.74207
-1.72888
-2.03043
-1.75471
-1.87751
-1.76551
-2.09868
-1.73781
-1.6931
-1.74468
-1.82208
-1.70415
-1.79632
-2.02844
-1.67421
-1.91819
-1.94958
-1.73943
-1.81727
-1.90112
-1.61619
-1.90308
-1.78654
-1.76313
-1.86032
-1.86962
-1.76903
-1.92249
-1.82691
-1.78283
-1.88949
-1.98914
-1.82685
-1.9118
-1.7632
-1.88898
-2.02141
-1.71846
-1.82576
-1.68217
-1.69419
-1.71538
-1.83518
-1.85098
-1.73183
-1.66335
-2.02686
-1.69926
-2.03316
-1.59151
-1.71968
-1.71229
-1.67639
-1.8262
-1.86682
-1.65791
-1.94422
-1.66445
-1.71689
-1.67373
-1.85889
-1.91897
-1.93995
-1.74637
-1.85318
-1.59437
-1.79968
-1.84551
-1.72116
-1.76367
-1.90315
-1.9013
-1.66019
-1.67342
-1.6589
-1.81663
-1.78618
-1.85133
-1.9235
-1.64239
-2.07722
-1.72317
-1.83253
-1.80471
-1.82963
-2.02103
-1.50676
-1.80333
-2.07705
-1.57307
-1.52507
-1.63509
-1.683
-1.76266
-1.8266
-1.86746
-1.89735
-2.06701
-1.78158
-1.92367
-1.86287
-1.85474
-1.717
-1.6977
-1.88315
-1.78062
-1.83457
-1.77743
-1.79738
-1.94191
-1.92159
-1.64803
-1.84031
-1.58175
-1.75109
-1.7677
-1.76452
-1.96841
-1.62335
-1.59713
-1.77255
-1.93354
-1.73894
-1.70211
-1.64713
-1.81732
-1.97347
-1.91598
-1.72514
-1.66265
-1.72603
-1.60276
-1.6596
-1.86286
-1.76486
-1.92033
-1.71185
-1.9166
-1.76777
-1.85708
-1.81677
-1.84915
-1.85376
-1.55978
-1.66613
-1.68315
-2.0374
-1.98141
-1.98912
-1.78343
-1.53713
-1.87446
-1.80217
-2.06611
-1.85281
-1.93229
-1.75109
-1.81271
-1.78483
-1.864
-1.75309
-1.75686
-1.74175
-1.83039
-2.01036
-1.70953
-1.81735
-1.78392
-1.54269
-1.55416
-1.97894
-1.72442
-1.87669
-1.68159
-1.90062
-1.93377
-1.79517
-1.89414
-1.74743
-1.66798
-1.93406
-1.84839
-1.54689
-1.87501
-1.6484
-1.56733
-1.8294
-1.59961
-1.77676
-1.77588
-1.8969
-1.87277
-1.87908
-1.76993
-1.76162
-1.77559
-1.85925
-1.8116
-1.75244
-1.74316
-2.03387
-1.65815
-1.77489
-1.87287
-1.91719
-1.67411
-1.83608
-1.8665
-1.85445
-1.88524
-1.81249
-1.61693
-1.78929
-1.71961
-1.85951
-1.74584
-1.72493
-1.56734
-1.7426
-1.7845
-1.65207
-1.91349
-1.749
-1.79672
-1.85082
-1.78171
-1.5636
-1.80777
-2.07708
-1.83889
-1.83026
-1.74925
-1.76951
-1.94067
-1.66758
-1.91356
-1.58061
-1.95985
-1.80447
-1.75873
-1.92943
-1.83755
-1.80812
-1.73277
-1.68896
-1.92274
-1.90518
-1.58913
-1.75778
-2.02807
-1.72767
-1.91233
-1.80726
-1.68292
-1.7436
-1.8948
-1.65184
-1.79436
-1.83871
-1.88287
-1.5659
-1.65176
-1.69967
-1.8944
-1.66496
-1.69083
-1.74829
-1.82063
-1.725
-1.70177
-1.72928
-1.75418
-1.74855
-1.7236
-1.94754
-1.80231
-1.75318
-1.82965
-1.87376
-1.65398
-1.53277
-1.78935
-1.78248
-1.70966
-1.62869
-1.87614
-2.03446
-1.78622
-1.79634
-1.80551
-1.75751
-1.81008
-1.83458
-1.63741
-1.64266
-1.73893
-1.7368
-1.82734
-1.69977
-1.73948
-1.83173
-1.93236
-1.81891
-1.93125
-1.79355
-1.53843
-1.71973
-1.87609
-1.87602
-1.86809
-1.94381
-1.78214
-1.85526
-1.79375
-1.77854
-1.78726
-1.87069
-1.79549
-1.8212
-1.66984
-1.88848
-1.68836
-1.89891
-1.95875
-1.81129
-2.04845
-1.5977
-1.74152
-1.66068
-1.76164
-1.84395
-1.64562
-1.80602
-1.9739
-1.77314
-1.80383
-1.68569
-1.82202
-1.79442
-1.71345
-1.77647
-1.68666
-1.84672
-1.68919
-1.80668
-1.86534
-1.60982
-1.85301
-1.79888
-1.82747
-1.71347
-1.79177
-1.79594
-1.68883
-1.92718
-1.76474
-1.75311
-1.89323
-1.63246
-1.66934
-1.7758
-1.63939
-1.65241
-1.72138
-1.69134
-1.70668
-1.63471
-1.81991
-1.64969
-1.79652
-1.79087
-1.94779
-1.80074
-1.74326
-1.7021
-2.00275
-1.87077
-1.85124
-1.57868
-1.84146
-1.88349
-2.12871
-1.82877
-1.78807
-1.63276
-1.65561
-1.88791
-1.73881
-1.76726
-1.89005
-1.76525
-1.62852
-1.56533
-1.89955
-1.79413
-1.77656
-1.85478
-1.88989
-1.8502
-1.7794
-1.73286
-1.59103
-1.8166
-1.7199
-1.92337
-1.69096
-1.64807
-1.77551
-1.66059
-1.92496
-2.00222
-1.72538
-1.95546
-1.66155
-1.74482
-1.60596
-1.6788
-1.74483
-1.66122
-1.9227
-1.69218
-1.74703
-1.80628
-1.70404
-1.85086
-1.756
-1.73502
-1.78112
-1.67838
-1.87967
-1.97438
-2.13836
-1.884
-1.56251
-1.65262
-1.63276
-1.81024
-1.67507
-1.66761
-1.89281
-1.8051
-1.73688
-1.90566
-1.91892
-1.69919
-1.83633
-1.69957
-1.75329
-1.96054
-1.61639
-1.76746
-1.90064
-1.97457
-1.84204
-1.86609
-1.68273
-1.81829
-1.77105
-1.79565
-1.64785
-1.87451
-1.65742
-1.69107
-1.93291
-1.70767
-1.92334
-1.8418
-1.65067
-1.87744
-1.80452
-1.668
-1.7961
-1.65883
-1.72076
-1.90733
-1.92025
-1.77697
-1.73759
-1.75525
-2.06727
-1.66724
-1.71132
-1.71511
-1.81993
-1.75639
-1.63996
-1.75438
-1.58272
-2.06491
-1.77275
-1.69854
-1.83575
-1.74934
-1.81581
-1.86816
-1.7211
-1.53248
-1.80895
-1.9341
-1.84302
-1.84002
-1.79134
-1.88713
-2.04492
-1.75021
-2.07202
-1.87413
-1.68518
-1.99184
-1.67168
-1.82863
-1.85402
-1.82451
-1.68078
-1.81061
-1.68435
-1.61069
-1.80861
-1.73944
-1.76045
-1.95961
-1.97093
-1.81631
-1.56249
-1.57403
-1.72747
-1.80643
-1.71764
-1.66455
-1.69397
-1.74988
-1.88345
-1.55461
-1.97204
-1.87644
-2.01774
-1.66214
-1.51958
-1.82279
-1.85713
-1.81865
-1.76856
-1.79807
-1.95675
-1.6505
-1.71944
-1.68873
-1.81275
-1.82262
-1.67937
-1.80203
-1.70736
-1.55261
-1.90272
-1.86943
-1.89823
-1.66166
-1.66261
-2.12919
-1.96181
-1.51627
-1.97797
-1.71705
-1.82874
-1.6136
-1.79454
-1.79046
-1.90703
-1.791
-1.95042
-1.85727
-1.72749
-1.67484
-1.60651
-1.57985
-2.01977
-1.76075
-1.74846
-1.74602
-1.59437
-1.73078
-1.73723
-1.70558
-1.74466
-1.78255
-1.67105
-1.70411
-1.55931
-1.79558
-1.76252
-1.90513
-1.43806
-2.0268
-1.54033
-1.9267
-1.59623
-1.76005
-1.78061
-1.7444
-1.72042
-1.65555
-1.882
-1.65884
-1.68645
-1.76734
-1.71767
-1.83933
-1.9002
-1.92308
-1.88377
-2.01472
-1.7586
-1.85431
-1.98403
-1.7358
-1.68122
-1.69996
-1.8498
-1.97302
-1.80481
-1.61262
-1.51496
-1.50574
-1.5954
-1.96779
-1.98328
-1.58379
-1.58195
-1.96437
-1.93484
-1.95189
-1.79402
-1.75706
-1.59712
-1.79237
-1.75846
-1.7728
-1.6823
-1.83127
-1.73417
-1.91257
-1.77497
-1.57035
-1.83183
-1.60234
-1.75074
-1.77
-1.90579
-1.74122
-2.01014
-1.64919
-1.71055
-1.91812
-1.74908
-1.53103
-1.45882
-1.84797
-1.95188
-1.64049
-1.77226
-1.78526
-1.97064
-1.93312
-1.90909
-1.75318
-1.74307
-1.80514
-1.84819
-1.72471
-1.7874
-1.86746
-1.82042
-1.78758
-1.88318
-1.85438
-1.72618
-1.71447
-1.73315
-1.79843
-1.85322
-1.65077
-1.71036
-2.21487
-1.79344
-1.58455
-1.77641
-1.66813
-1.68706
-1.78282
-1.69915
-1.89979
-1.57389
-1.77221
-1.76787
-1.61202
-1.85257
-1.61418
-1.88293
-1.88695
-1.78705
-1.98716
-1.74802
-1.59238
-1.90322
-1.62906
-1.77728
-1.67858
-1.75889
-1.97587
-1.74129
-1.67586
-1.9264
-1.65824
-1.65777
-1.96242
-1.8595
-2.10752
-1.94491
-2.06704
-1.73877
-1.75092
-1.74964
-1.67345
-1.70037
-2.0111
-1.91977
-1.64411
-1.75951
-1.79472
-2.01696
-1.74298
-1.91315
-1.81635
-2.0301
-1.81085
-1.68574
-1.78074
-1.76057
-1.61558
-1.73204
-1.86777
-1.7068
-1.77198
-2.0561
-1.67883
-1.83093
-1.77276
-2.01145
-1.66995
-1.41949
-1.78754
-1.88803
-1.82543
-1.80796
-1.92914
-1.98947
-1.85161
-1.39347
-1.58679
-1.48952
-1.94317
-1.75931
-1.69335
-1.70946
-1.51823
-1.66045
-1.6609
-1.63531
-1.77181
-1.95108
-1.56966
-1.52996
-1.67407
-1.88671
-1.54198
-1.86698
-1.66501
-1.73696
-1.82171
-1.89672
-1.74422
-1.59006
-2.03956
-1.76588
-1.74433
-1.74068
-1.84197
-2.06036
-1.79681
-1.68293
-1.78151
-1.72018
-1.8562
-1.74814
-1.90527
-1.67589
-1.7432
-2.04989
-1.77617
-1.69888
-1.73015
-1.69718
-1.64552
-1.83775
-2.01682
-1.61749
-1.82666
-1.71551
-1.8757
-1.70336
-1.88215
-1.57432
-1.65172
-2.04632
-1.65472
-1.74282
-1.85252
-1.83601
-1.57773
-1.86516
-1.83287
-1.75424
-1.77602
-1.90596
-1.81674
-1.85496
-1.93076
-1.79136
-1.64784
-1.67667
-1.79056
-1.76839
-1.89139
-1.69402
-1.90959
-1.81991
-1.88147
-1.84393
-1.85658
-1.73786
-1.84122
-1.71837
-1.90947
-1.66739
-1.76447
-1.80199
-1.64819
-1.8499
-1.99052
-1.82107
-1.90322
-1.76458
-1.80098
-1.74334
-1.96886
-1.44583
-1.98229
-1.55066
-1.78935
-1.82976
-1.781
-1.85261
-1.81779
-1.80775
-1.56608
-1.68645
-1.64504
-1.63975
-1.79099
-1.84358
-1.74285
-1.68245
-1.82105
-1.68742
-1.76585
-1.67575
-1.84734
-1.98315
-1.6684
-2.08322
-2.11918
-1.82026
-1.85623
-1.86432
-1.76814
-1.80715
-1.69244
-1.77835
-1.74885
-1.92276
-1.6595
-1.69457
-1.83282
-1.79264
-1.69562
-1.96342
-1.67132
-1.6602
-1.85474
-1.56001
-1.92392
-1.89548
-1.67773
-1.82917
-1.6863
-1.96489
-1.59497
-1.87798
-1.83729
-1.85001
-1.84103
-1.8685
-1.78506
-1.64842
-2.09172
-1.81534
-1.64334
-1.76931
-2.00261
-1.79835
-1.89254
-1.6222
-1.74349
-1.8412
-1.94381
-1.85626
-1.57881
-1.58053
-1.64896
-1.68894
-1.78232
-1.65017
-1.95955
-1.9195
-1.83806
-1.80019
-1.76797
-1.68759
-2.01017
-1.85609
-1.90641
-1.84681
-1.86069
-1.72321
-1.69039
-1.73807
-1.74335
-1.812
-1.57774
-1.93306
-1.7458
-1.86829
-1.79869
-1.99174
-1.78139
-1.77561
-1.91396
-1.71467
-1.97044
-1.90951
-1.96532
-1.84653
-1.70659
-1.75966
-1.98443
-1.67844
-1.67881
-1.73341
-1.67481
-1.84952
-1.75185
-1.8185
-1.70742
-1.76468
-1.80903
-1.70656
-1.57507
-1.78078
-1.74092
-1.86031
-1.76692
-1.76936
-1.6177
-1.93168
-1.811
-1.58829
-1.8065
-1.7195
-1.7401
-1.79266
-1.8354
-1.60368
-1.69478
-1.78762
-1.68633
-1.74728
-1.6726
-1.82626
-1.88499
-1.80752
-1.64639
-1.70823
-1.79358
-1.79469
-1.74194
-1.93141
-1.66927
-1.65824
-1.77766
-1.80855
-1.71382
-1.61597
-1.85292
-1.76744
-1.85766
-1.70512
-1.6336
-1.86622
-1.77665
-1.73876
-1.72541
-1.70993
-1.69988
-1.79831
-1.62986
-1.78708
-1.88905
-1.8004
-1.59607
-1.87422
-1.75617
-1.82354
-1.67206
-1.59876
-1.82822
-1.79511
-1.74809
-1.90582
-1.71335
-1.66621
-1.62605
-1.80642
-1.70417
-1.85109
-1.65413
-1.8649
-1.86099
-1.61421
-1.66793
-1.65545
-1.77991
-1.7589
-1.84538
-1.53239
-1.69299
-1.87852
-1.86264
-1.7724
-1.75594
-1.77328
-1.63955
-1.55548
-1.82962
-1.77703
-1.89296
-1.43624
-1.86186
-1.81215
-1.75914
-1.55069
-1.94435
-2.04667
-1.76321
-1.85078
-1.48175
-1.94342
-1.74451
-1.60796
-1.77638
-1.7168
-1.66428
-1.87871
-1.77185
-1.75026
-1.79558
-1.88115
-1.9261
-1.71487
-1.81739
-1.70967
-1.9368
-1.72082
-1.80594
-1.73945
-1.7981
-1.71432
-1.96167
-1.53345
-1.71052
-1.84083
-1.75312
-1.86411
-1.75392
-1.74938
-1.76902
-1.6131
-1.62719
-1.69727
-1.65716
-1.79661
-1.65324
-1.54828
-1.83017
-1.71662
-1.66768
-1.89086
-1.69464
-1.73404
-1.76168
-1.5176
-1.9284
-1.79776
-1.75945
-1.85009
-1.70695
-1.68885
-1.74437
-1.94925
-1.86975
-1.75283
-1.9524
-1.91548
-1.76201
-1.67175
-2.12592
-1.70755
-1.77033
-1.68273
-1.66884
-1.91471
-1.60975
-1.76768
-1.90126
-1.71926
-1.77957
-1.9057
-1.87656
-1.93003
-1.67323
-1.74869
-1.65726
-1.93358
-1.89948
-1.76576
-1.74904
-1.90894
-1.7057
-1.66739
-1.67864
-1.85469
-1.58724
-1.67366
-1.73777
-1.67269
-1.74295
-1.79338
-1.67908
-1.9166
-1.8785
-1.75632
-1.65314
-1.81367
-1.86965
-1.70964
-1.85986
-1.89002
-1.69805
-1.75882
-1.83378
-1.88081
-1.80913
-1.74617
-1.78455
-1.84822
-1.89559
-1.85806
-1.84017
-1.824
-1.96456
-1.74072
-1.65368
-1.74262
-1.9282
-1.82688
-1.89355
-1.71939
-1.8813
-2.00275
-1.635
-1.89828
-1.72954
-1.69456
-1.89968
-1.66405
-1.71436
-1.83627
-1.62051
-2.0819
-1.76767
-1.78037
-1.84768
-1.89295
-1.74643
-1.91495
-1.93756
-1.83761
-1.80987
-1.87244
-1.71813
-1.53157
-1.79634
-1.78911
-1.71465
-1.78217
-1.71979
-1.86972
-1.93601
-1.76788
-1.77339
-1.97116
-1.8946
-1.77502
-1.76254
-1.85565
-1.86322
-1.8077
-1.90297
-2.05479
-1.74909
-2.07117
-1.84369
-1.79172
-1.78495
-1.78017
-1.89163
-1.7806
-1.67228
-1.67305
-1.50232
-1.90505
-1.95778
-1.86379
-1.6584
-1.83115
-1.60265
-1.88892
-1.92501
-2.0221
-1.89803
-1.79301
-1.91745
-1.92575
-1.78827
-1.95363
-1.91641
-1.93434
-1.80149
-1.84806
-1.89291
-1.73634
-1.80454
-1.79717
-2.00082
-1.94368
-1.87057
-1.80796
-1.70373
-1.97948
-1.75976
-1.93714
-1.86224
-1.72924
-1.74757
-1.79905
-1.8454
-1.81093
-1.75053
-1.86494
-1.59937
-1.68953
-1.70743
-1.69639
-1.56685
-1.81029
-1.71228
-1.90424
-1.9014
-1.83367
-1.87813
-1.87017
-1.75245
-1.70689
-1.80298
-1.87785
-1.96194
-1.91769
-1.83914
-1.73773
-1.83107
-1.71869
-1.59022
-1.8026
-1.6573
-1.65802
-1.64418
-1.49832
-1.91708
-1.95186
-1.75047
-1.7903
-1.70817
-1.80733
-1.8538
-1.88534
-1.55919
-1.79671
-1.85674
-1.81881
-1.66433
-1.54063
-1.92136
-1.51984
-1.63062
-1.84726
-1.75298
-1.85856
-1.69507
-2.1365
-1.66358
-1.73712
-1.74121
-1.5409
-1.81743
-1.85533
-1.83227
-1.72904
-1.69546
-1.91232
-1.92141
-1.88465
-1.70697
-1.85478
-1.95888
-1.86468
-1.7534
-1.65801
-1.7582
-1.6173
-1.53724
-1.71158
-1.99285
-1.88007
-1.89058
-1.70123
-1.78306
-1.83169
-1.7874
-1.73426
-1.78932
-2.09995
-1.79538
-1.57211
-1.60591
-1.73784
-1.91497
-1.71108
-1.78461
-1.83128
-1.96749
-1.57893
-1.81895
-1.87735
-1.88178
-1.68881
-1.67845
-1.68003
-1.69999
-1.68744
-1.69758
-1.89652
-1.76493
-1.9297
-1.67961
-2.03528
-1.68323
-1.79828
-1.78293
-1.87799
-1.73923
-2.00216
-1.60571
-1.69544
-1.86716
-1.79098
-1.71538
-1.64407
-1.67775
-1.79744
-1.97631
-1.67325
-1.65555
-1.65007
-1.626
-1.92251
-1.90035
-1.80226
-1.76421
-1.731
-1.5921
-1.78342
-1.69609
-1.8197
-1.77103
-1.74638
-1.85961
-1.75956
-1.79039
-1.94369
-1.78981
-1.48872
-1.58502
-1.68749
-1.78383
-1.92393
-1.86175
-1.99226
-1.61572
-1.71248
-1.81216
-1.70791
-1.67865
-1.75281
-1.70896
-1.65571
-1.66425
-1.82753
-1.73085
-1.81217
-2.06404
-1.75375
-1.8156
-1.68972
-1.86207
-1.83177
-1.91983
-1.6787
