-1.72661
-2.28056
-1.88754
-2.12887
-2.07374
-2.07222
-2.06274
-2.05437
-2.37144
-1.90933
-2.41805
-1.99858
-2.05079
-2.03556
-1.67367
-1.9189
-2.16813
-2.20156
-1.96296
-2.00664
-1.88378
-1.89826
-1.55769
-1.70206
-1.84403
-2.1787
-2.09685
-1.82121
-2.31191
-1.88711
-2.26451
-2.63157
-2.47777
-1.74177
-1.85556
-2.14583
-2.19908
-2.10067
-1.76622
-2.01707
-1.82888
-2.03112
-1.73237
-2.00165
-2.4629
-2.21865
-1.92806
-2.21902
-1.98141
-2.12607
-1.78252
-2.46481
-1.94124
-1.94312
-2.20938
-1.99218
-1.99171
-2.09892
-1.5819
-1.96051
-2.07156
-2.18387
-1.66753
-1.94188
-1.89142
-2.20092
-1.62678
-2.20235
-2.14465
-1.77934
-2.08014
-1.77455
-2.47836
-1.97957
-2.39876
-2.03607
-1.9488
-2.10596
-1.61564
-2.11428
-2.11232
-2.25295
-1.67589
-2.11275
-2.15028
-2.08853
-2.22842
-2.25713
-2.01644
-2.15374
-2.12709
-1.88241
-1.92565
-1.85233
-1.7554
-1.96204
-2.17951
-1.8548
-2.0471
-2.09122
-1.69866
-1.6846
-1.77057
-1.9635
-2.23238
-2.09398
-2.18383
-1.71983
-2.36053
-1.95157
-1.73322
-1.9547
-1.85428
-2.20523
-1.87793
-2.08146
-1.79675
-1.83302
-1.83202
-2.25326
-1.98984
-2.0515
-2.17516
-1.74345
-2.32044
-1.98765
-1.93851
-2.14905
-1.92741
-2.06052
-1.82627
-1.9479
-2.27491
-2.26642
-2.20415
-1.88299
-1.47355
-1.86261
-2.19948
-1.84517
-2.12129
-2.03471
-1.86689
-2.02578
-2.21422
-1.89638
-2.22947
-1.76844
-1.91277
-2.022
-1.77974
-2.03692
-1.98399
-2.40233
-2.40192
-1.7872
-1.95412
-1.7114
-2.15591
-1.69598
-2.06175
-1.69601
-1.98965
-1.98161
-1.75538
-1.9418
-1.90213
-1.84147
-2.06381
-1.47689
-1.75406
-1.82813
-2.34337
-2.18464
-1.80495
-1.80623
-1.95695
-2.22086
-2.16729
-1.86881
-2.05905
-1.83554
-1.79045
-1.92931
-2.07445
-1.91536
-2.23705
-1.81831
-2.25697
-1.92157
-1.73452
-1.99788
-2.14073
-1.86324
-1.94342
-2.07238
-1.79431
-1.46174
-2.05333
-2.16779
-2.23861
-1.97652
-2.30792
-1.97957
-1.69514
-1.78191
-1.97283
-2.06731
-2.1124
-2.09861
-1.87985
-2.00128
-1.97449
-1.84337
-1.81292
-2.09695
-2.17963
-2.30625
-1.76329
-1.7071
-1.85723
-2.38194
-2.14217
-2.00342
-2.26287
-1.95422
-2.05284
-2.40009
-2.06367
-1.84814
-1.48201
-1.63403
-2.03498
-2.20249
-2.02254
-1.82986
-1.73883
-2.01561
-2.04135
-1.77596
-2.00725
-2.12729
-1.8707
-2.31501
-2.52482
-1.86486
-2.11837
-2.02579
-2.2255
-2.17208
-2.01646
-2.03378
-2.20408
-2.13648
-2.28316
-1.74638
-2.26882
-1.90365
-2.32228
-2.15457
-1.97663
-2.05307
-2.02452
-2.21587
-2.25232
-1.82121
-2.09882
-2.44304
-1.7531
-1.65777
-1.81428
-2.08121
-1.90217
-1.74824
-2.33165
-1.83463
-2.43426
-2.5491
-1.87282
-1.83892
-1.61425
-1.9599
-1.95646
-1.77236
-1.2547
-2.16139
-1.37922
-1.5522
-2.17805
-1.66375
-1.95163
-2.38901
-2.09706
-2.12688
-2.01365
-1.73266
-1.7233
-1.82338
-2.19262
-1.86718
-2.16189
-2.08539
-1.55805
-1.9885
-1.99359
-1.78259
-2.3185
-2.0865
-2.10869
-2.14137
-1.92528
-2.33374
-1.9836
-2.47374
-1.80235
-2.01856
-2.10978
-2.0836
-1.65858
-1.64661
-2.03668
-2.10689
-2.23895
-1.4441
-2.13979
-1.79052
-1.51143
-1.69221
-2.36683
-1.91422
-1.67525
-2.24089
-2.21464
-2.32277
-1.92935
-2.47408
-1.88722
-2.15778
-2.05881
-2.1911
-1.95466
-1.86966
-2.26034
-2.37711
-2.03281
-1.74278
-1.98935
-1.88369
-2.28774
-1.80955
-2.13995
-1.93502
-1.81314
-1.76453
-1.65511
-2.09866
-2.21799
-2.05064
-1.89145
-1.54421
-1.90064
-2.42432
-1.76502
-2.20136
-2.00746
-2.22861
-2.17454
-1.93854
-1.9679
-1.83882
-2.25892
-1.79152
-1.7139
-1.90566
-1.90268
-1.96094
-2.24184
-1.84836
-2.14818
-1.85741
-1.90917
-1.83497
-1.69834
-1.86274
-2.19139
-2.24665
-2.12851
-1.75811
-2.27342
-2.01649
-2.28681
-2.3161
-2.1756
-2.18871
-2.33457
-2.12641
-2.09662
-2.43013
-1.98847
-2.24133
-2.12327
-2.19137
-1.95893
-2.1414
-1.8698
-2.05155
-1.7499
-1.66618
-2.14865
-1.4935
-1.67359
-1.76439
-2.18987
-1.71643
-2.03987
-2.38346
-2.08624
-1.98386
-1.80971
-2.13013
-2.08618
-2.09477
-2.30251
-1.81033
-2.13204
-1.77245
-1.87616
-1.58499
-1.98099
-2.08782
-1.84948
-1.96684
-1.78367
-2.0234
-1.94106
-2.15913
-1.76779
-1.655
-2.31599
-2.15938
-1.97556
-1.99489
-1.90717
-2.04746
-2.11385
-1.8945
-2.25064
-2.35747
-2.07273
-2.10961
-1.88824
-1.85417
-2.45645
-1.80203
-2.13649
-2.00088
-2.1151
-1.95948
-1.91321
-2.43863
-2.1738
-1.65189
-1.86207
-1.92118
-2.16806
-2.24156
-1.91257
-1.88274
-2.03569
-2.1098
-1.7511
-1.91884
-2.17636
-1.59816
-2.15744
-2.12096
-2.1263
-2.17349
-1.8415
-2.30018
-1.56653
-1.89463
-1.82816
-1.8622
-2.35921
-2.04871
-1.97912
-1.83719
-2.12276
-2.18914
-1.98867
-2.1186
-2.14283
-1.56968
-1.54554
-2.13237
-1.97644
-1.92529
-1.98579
-1.80415
-1.89172
-2.17712
-1.90509
-1.68555
-2.23549
-2.17394
-2.43504
-2.42785
-1.93177
-1.99068
-2.06909
-2.52494
-1.61422
-2.45034
-2.00658
-1.47276
-2.12752
-1.78456
-1.53999
-2.01728
-2.03974
-1.9413
-2.05964
-2.05804
-1.68876
-1.82543
-2.20053
-2.2944
-2.06624
-1.92905
-1.71052
-2.22213
-2.00162
-1.90567
-2.35556
-1.8286
-2.14675
-2.11628
-2.12596
-2.09378
-2.1757
-1.85801
-1.90256
-2.17809
-2.12915
-2.15811
-1.87712
-1.696
-1.71544
-1.97331
-2.05843
-1.79568
-2.10891
-2.40099
-2.27304
-2.04137
-1.9852
-2.09656
-1.92196
-2.03151
-1.7763
-2.05822
-1.99562
-2.13342
-1.87118
-1.5959
-2.0741
-1.85025
-1.9659
-2.16175
-2.06223
-2.52204
-1.68767
-1.67626
-1.5847
-2.31682
-2.05921
-2.07607
-2.22047
-2.27456
-2.14796
-2.18475
-2.07437
-2.05261
-1.95382
-1.91766
-2.32425
-2.25496
-2.19629
-2.2603
-1.7538
-2.06044
-2.17907
-1.72434
-1.89261
-1.9912
-1.74491
-1.75343
-1.68083
-2.03212
-2.045
-1.75328
-1.60863
-1.90189
-1.98893
-2.02111
-1.83751
-2.10229
-2.14694
-2.06756
-1.52648
-1.99486
-1.97976
-2.25938
-1.82516
-1.91336
-2.01255
-1.81354
-2.00703
-2.19548
-1.91521
-2.09137
-1.9659
-1.76002
-1.48008
-1.91703
-1.91374
-2.11977
-1.96564
-1.92497
-2.10671
-2.03869
-1.58677
-1.9107
-1.82871
-2.22262
-2.2272
-2.09897
-2.03952
-2.16313
-1.96417
-2.30016
-1.82833
-2.01121
-2.02182
-2.00667
-2.32295
-2.14093
-1.92053
-2.52775
-2.0521
-2.72372
-2.00981
-1.96183
-2.73806
-1.81246
-1.92409
-2.07761
-2.37517
-1.87723
-1.86198
-1.70993
-2.13837
-2.10236
-1.83124
-1.8635
-2.00803
-1.89448
-2.10371
-2.16797
-1.80085
-2.20651
-1.93372
-1.9043
-2.19109
-2.14011
-1.70378
-1.94274
-2.09761
-2.13803
-2.17613
-1.95842
-1.96943
-1.76303
-1.96345
-1.69419
-2.3277
-2.26812
-2.18069
-1.97717
-2.08308
-2.11658
-2.02542
-1.9558
-2.0117
-1.81844
-1.86503
-2.10035
-2.27788
-2.28391
-1.87375
-2.48866
-1.89543
-2.17162
-2.08729
-2.00702
-1.92648
-2.26834
-2.10105
-1.95044
-1.91871
-2.05566
-1.85056
-2.16301
-2.30727
-2.37523
-2.09263
-2.04361
-2.33241
-1.94671
-1.74783
-2.3617
-2.18463
-2.51957
-2.58209
-2.18152
-2.32818
-2.15897
-2.02045
-2.2749
-2.18201
-1.90443
-1.82819
-1.92117
-2.02296
-2.02253
-2.21863
-2.12712
-1.70441
-1.67019
-2.1269
-2.01317
-1.89979
-2.27808
-1.87385
-2.20257
-1.51284
-1.85501
-2.09848
-2.24638
-2.06772
-1.94347
-2.1603
-2.19373
-2.0729
-2.10744
-2.1857
-2.00157
-1.963
-1.79994
-1.87162
-1.79978
-2.06598
-2.19408
-2.16508
-2.1151
-1.67472
-1.9495
-2.05279
-1.73853
-2.2667
-1.60786
-2.13006
-2.42091
-1.93368
-1.85588
-1.83222
-2.02349
-2.0784
-2.08043
-1.90973
-1.83479
-2.29947
-2.08428
-1.99067
-2.16528
-1.76876
-2.14145
-2.10538
-2.02551
-1.90453
-2.19704
-1.76663
-2.13764
-1.90692
-2.15947
-1.76987
-2.37073
-1.70994
-2.07735
-1.96547
-2.00179
-1.88839
-1.46268
-1.87156
-2.27795
-2.1465
-1.83964
-2.00085
-1.87642
-2.06883
-1.99226
-1.8981
-1.98343
-2.34884
-1.93372
-1.82704
-1.94409
-2.27823
-2.05783
-1.83826
-2.05216
-2.62657
-1.99969
-1.96226
-1.7898
-1.79292
-1.99538
-2.08416
-2.00055
-2.10381
-2.21912
-2.12307
-1.8048
-1.59695
-1.86319
-2.08766
-1.68517
-1.59305
-2.07929
-2.25857
-2.2236
-2.04036
-2.02359
-2.19507
-1.67253
-1.94038
-1.83706
-2.02876
-1.82802
-1.99272
-2.14319
-2.19763
-1.84911
-2.24216
-1.86257
-2.22031
-1.55622
-2.20554
-2.11468
-1.97505
-2.06042
-1.942
-2.12227
-2.12385
-2.23802
-2.03865
-2.27687
-1.86997
-1.7941
-1.91742
-1.67254
-2.0833
-1.59462
-1.80313
-2.29651
-2.12488
-1.77507
-1.82317
-1.94071
-2.18175
-2.06997
-2.03687
-2.01276
-2.01071
-2.15479
-2.53985
-2.25637
-1.72112
-1.9376
-1.94426
-1.94684
-2.14093
-1.99526
-1.93557
-2.21619
-2.20878
-2.40321
-1.96349
-1.77438
-1.78302
-1.82736
-2.02267
-2.21106
-1.81212
-1.97884
-2.42995
-2.08734
-2.26091
-2.18854
-2.07152
-1.8661
-2.05928
-2.00878
-1.98207
-1.79315
-2.07928
-2.1841
-2.46152
-2.00518
-2.34248
-2.04175
-2.12079
-2.32033
-1.92341
-1.77819
-2.05553
-2.07329
-2.53159
-2.09246
-2.0242
-1.8924
-1.89062
-2.45661
-1.89161
-2.05634
-1.96679
-1.75794
-1.75107
-2.13081
-2.15479
-1.86956
-1.89248
-1.76992
-2.26667
-2.04625
-2.03874
-1.71057
-1.4334
-1.78245
-1.88296
-1.74427
-1.93388
-2.11312
-2.03331
-1.9877
-2.29594
-1.91476
-2.21751
-2.06777
-1.88816
-1.90381
-1.78537
-2.04581
-2.37463
-2.013
-1.61791
-1.73421
-1.95884
-2.11609
-2.47292
-1.88336
-1.80862
-1.58093
-2.17187
-1.9619
-2.13914
-1.98282
-2.12096
-1.70971
-2.00148
-1.92778
-1.95064
-1.9395
-1.67691
-1.72177
-1.9515
-2.5137
-2.20805
-1.98318
-1.90145
-1.82038
-1.61883
-2.27126
-2.02115
-2.30481
-1.99006
-2.13138
-1.9346
-1.92074
-2.15688
-2.15592
-2.29013
-2.02119
-2.15428
-1.90367
-1.6216
-2.0929
-1.93015
-2.08606
-1.83388
-2.04686
-2.07415
-1.75344
-1.59895
-2.1181
-2.05369
-1.73183
-1.92236
-1.94123
-1.76867
-2.14093
-2.04395
-2.16117
-2.27382
-2.42055
-1.90749
-2.14105
-1.95752
-1.98839
-1.98568
-2.09045
-1.92886
-2.29799
-2.24096
-1.79262
-2.11247
-2.05631
-1.98088
-1.6933
-1.73833
-1.85126
-1.78431
-1.95691
-2.0756
-1.99072
-2.55349
-1.7362
-2.23422
-2.08919
-1.94363
-2.18795
-1.82997
-1.98864
-1.4757
-1.70656
-1.68221
-1.94682
-2.38565
-2.36362
-1.83031
-2.132
-2.03701
-2.14715
-2.15882
-1.73623
-1.9283
-2.10835
-2.2947
-1.64536
-2.35589
-1.94024
-2.04036
-1.85213
-2.06628
-2.4812
-2.02062
-1.81533
-1.86881
-1.77306
-2.01932
-1.73086
-2.1255
-1.95895
-1.95011
-1.80455
-1.74388
-1.92307
-1.82234
-2.19864
-2.00907
-2.09854
-2.26455
-1.84285
-1.88414
-2.43927
-1.65083
-2.36121
-2.16355
-1.96824
-1.97268
-2.22198
-2.10653
-2.1165
-1.56763
-2.22805
-2.00681
-2.03987
-2.26381
-1.74625
-1.65573
-1.9528
-1.91085
-1.85282
-1.99895
-2.13183
-2.22301
-1.89939
-2.28312
-2.11308
-1.91706
-2.28042
-1.96887
-2.30963
-2.12699
-1.79686
-2.07857
-1.8192
-2.2045
-2.09473
-2.32277
-2.4127
-1.5922
-1.67852
-1.98752
-2.04259
-1.84913
-2.16744
-1.96929
-1.78119
-1.79322
-2.18119
-2.00381
-1.86967
-2.03744
-2.32849
-2.04086
-1.73164
-2.07851
-2.23597
-1.60485
-1.91325
-1.6827
-1.90573
-1.70319
-1.91584
-2.25311
-1.92777
-2.15063
-2.09223
-2.1519
-2.27981
-1.69638
-2.04984
-2.14182
-1.94978
-2.08178
-2.32364
-2.00308
-2.05665
-2.51246
-1.9435
-2.28898
-2.09262
-2.00005
-1.92757
-2.55092
-2.29026
-2.58776
-1.86003
-2.02569
-1.75565
-2.15864
-2.22439
-1.59575
-1.91202
-2.05608
-1.59252
-2.11317
-2.09484
-2.25525
-1.73092
-2.2898
-2.05099
-2.08462
-2.00075
-1.94971
-1.87437
-2.1761
-2.16705
-1.82167
-2.23755
-2.16144
-2.03105
-2.30982
-2.11881
-2.26378
-2.20327
-2.2876
-2.11898
-2.21383
-1.68675
-1.90775
-1.70189
-2.55447
-1.56909
-2.09353
-1.97923
-1.78055
-1.7937
-1.92509
-1.68134
-1.89077
-1.98476
-2.24616
-2.40843
-1.67973
-1.9637
-2.22705
-1.90288
-2.22936
-1.66289
-2.08655
-1.88582
-2.01103
-1.81834
-2.44254
-1.83508
-2.4535
-2.02847
-1.66286
-1.96884
-2.15476
-2.01347
-1.9885
-1.96703
-2.07627
-1.65886
-2.12817
-2.18871
-1.66628
-1.85007
-1.97542
-1.71585
-1.66138
-1.79021
-1.92173
-2.01755
-2.32531
-1.97625
-2.03082
-1.99322
-2.15072
-1.70841
-1.97408
-2.01728
-1.82247
-2.16165
-2.03757
-2.03598
-2.08703
-1.806
-1.97768
-2.40214
-2.14613
-1.59996
-1.54277
-2.17744
-1.73613
-2.0433
-1.89311
-1.79431
-2.18416
-2.44723
-2.08256
-2.01251
-2.35425
-2.03672
-2.16764
-1.96251
-1.90112
-1.78378
-2.04692
-1.77952
-2.0886
-1.81102
-2.00754
-1.93782
-2.01369
-1.98624
-1.90212
-2.46214
-1.87487
-1.8991
-1.92803
-1.84534
-2.01547
-2.12269
-1.84702
-2.18604
-2.23769
-1.95565
-2.02218
-2.02182
-2.17157
-2.18799
-2.178
-2.01368
-1.90912
-2.52334
-1.99969
-1.95146
-2.1365
-1.9116
-2.10911
-1.68998
-1.87394
-1.81923
-1.93233
-2.09538
-1.94194
-1.92216
-1.8875
-1.93903
-2.26526
-1.80057
-1.98197
-1.82563
-2.32059
-2.16591
-2.25955
-1.91038
-2.14921
-1.7783
-2.18834
-2.2232
-1.89317
-1.68037
-2.35205
-2.12284
-2.30722
-1.84499
-1.81688
-1.71028
-2.12177
-2.41597
-1.96565
-2.29586
-2.31639
-1.84541
-1.90639
-2.19496
-1.99431
-1.86104
-2.38801
-1.93179
-2.13766
-2.38456
-1.76781
-1.99998
-1.81325
-2.01223
-2.03558
-2.27137
-1.83904
-2.17988
-1.78767
-1.8341
-2.34358
-2.30122
-1.9872
-1.8756
-2.29023
-1.89635
-2.29385
-2.12533
-2.10722
-2.05183
-2.05044
-2.0497
-1.91066
-1.92001
-1.84676
-2.23777
-2.32423
-1.8331
-2.0634
-2.06354
-1.95539
-1.706
-2.18244
-1.92559
-2.16227
-2.12295
-2.19074
-1.94677
-2.35689
-1.93795
-1.95573
-1.93898
-1.83617
-2.19145
-2.08077
-2.06834
-1.76243
-2.19999
-2.25454
-2.12008
-1.99627
-2.00025
-1.73611
-2.16522
-2.71793
-2.43968
-1.97041
-2.14981
-1.92562
-2.24841
-2.16315
-1.85247
-1.94593
-1.95269
-2.20576
-2.15796
-1.97062
-1.91496
-2.11133
-2.2518
-2.23055
-1.99002
-1.94174
-2.17954
-1.76177
-2.1313
-2.08537
-2.1322
-1.77359
-2.08163
-2.18498
-1.76681
-2.08659
-2.2471
-2.04574
-1.85269
-2.27562
-1.79978
-2.25025
-2.00073
-2.14276
-2.03242
-1.77901
-2.15097
-1.82999
-2.10458
-2.03213
-2.24022
-2.39333
-1.97249
-2.16363
-1.99523
-1.93434
-1.68226
-2.20541
-2.15705
-2.06512
-1.96304
-1.97684
-1.80143
-2.28361
-2.27282
-1.99083
-2.09314
-1.79702
-2.04858
-1.96785
-2.13611
-1.79258
-1.8623
-1.82594
-2.27863
-2.43885
-1.99197
-1.97167
-1.81527
-2.03718
-1.55944
-1.32454
-2.12526
-1.99792
-2.30891
-1.68609
-2.11648
-1.88158
-1.66834
-2.38254
-1.77538
-2.24926
-1.97772
-2.04343
-1.96687
-2.12389
-1.95658
-2.03333
-2.03592
-2.23867
-1.5442
-2.02057
-2.0197
-1.88021
-2.03061
-2.30768
-2.06723
-2.24371
-2.09301
-1.72803
-2.10522
-2.03044
-1.97266
-2.32177
-1.91009
-1.97632
-1.72617
-2.58129
-1.83417
-1.73969
-1.99776
-2.30596
-2.32057
-2.03071
-1.92342
-1.85315
-2.33121
-1.78575
-2.02418
-2.24543
-1.9007
-1.9749
-2.16428
-2.30843
-2.2601
-2.0082
-2.38738
-2.03431
-2.21268
-2.29343
-1.75125
-1.99819
-1.6359
-1.92314
-1.79068
-2.25206
-2.12375
-1.87677
-2.31428
-2.08626
-2.30168
-2.25197
-1.93768
-2.04909
-1.98444
-2.39796
-1.67655
-2.32669
-1.92822
-2.05985
-2.16734
-2.36064
-2.07896
-2.09935
-2.30369
-2.0963
-2.12764
-2.41539
-2.05955
-2.04838
-1.84094
-1.91083
-2.21691
-2.17616
-1.69894
-2.16087
-2.28463
-1.82045
-1.97403
-2.20878
-1.78593
-2.09419
-1.80444
-1.99839
-1.84564
-1.85468
-2.22801
-2.44553
-1.89731
-2.35895
-1.96073
-2.06328
-2.15372
-2.30823
-2.39196
-1.86993
-2.00152
-2.18767
-2.03477
-1.99637
-1.6513
-2.07562
-2.06951
-1.90662
-2.03606
-1.99995
-1.99421
-1.92967
-1.92529
-1.82794
-1.98578
-2.37667
-1.78694
-2.21339
-1.8407
-2.15043
-1.7469
-2.19586
-2.15914
-2.02974
-1.65932
-2.26424
-1.68752
-1.85445
-1.80349
-2.12586
-1.75503
-2.00232
-2.20383
-1.97742
-1.902
-2.0291
-2.32979
-2.34261
-1.67076
-1.92182
-2.39979
-2.20334
-1.65996
-1.84333
-1.9053
-1.89606
-2.04805
-1.37374
-1.9931
-2.37578
-1.91394
-2.03553
-1.95208
-2.04563
-2.14858
-2.05973
-2.04484
-2.16364
-1.57804
-2.29395
-2.02786
-1.8929
-2.08718
-1.71734
-1.86403
-2.42563
-1.75301
-1.92197
-2.00789
-2.17571
-2.38057
-2.06437
-2.0003
-2.17028
-2.34855
-1.7639
-1.96732
-2.05173
-1.48759
-2.19219
-1.85983
-1.84768
-2.02411
-2.41024
-2.04412
-2.27007
-2.18688
-1.82477
-2.14455
-2.0593
-2.46645
-2.19712
-1.9424
-2.15798
-2.17028
-1.74367
-1.97918
-2.06654
-2.00436
-1.89526
-2.04503
-2.11425
-2.13827
-1.92603
-2.40905
-1.85403
-1.89613
-1.90754
-2.11533
-1.91325
-1.70692
-2.18617
-2.16663
-2.26605
-1.97954
-2.01654
-1.96381
-2.15069
-2.34072
-1.99036
-1.97871
-2.09262
-2.18793
-1.43774
-1.90365
-1.9211
-1.83072
-2.09883
-2.29907
-2.047
-2.51814
-2.15784
-1.87056
-1.86073
-2.08332
-2.17668
-2.35249
-2.25082
-1.93561
-1.98131
-1.87452
-2.14701
-1.75249
-1.64174
-2.03223
-2.0026
-1.70129
-1.86464
-2.13567
-1.89816
-1.98591
-2.16834
-2.18447
-2.03464
-1.65129
-2.12094
-2.12457
-2.14963
-2.3091
-1.94004
-2.04016
-2.089
-2.01164
-1.9695
-2.39493
-2.08332
-2.24283
-2.03634
-1.76979
-1.85715
-2.10084
-1.7922
-1.98649
-2.1609
-1.84836
-1.82957
-1.88736
-1.72056
-2.0665
-2.35693
-2.11513
-1.83537
-1.60885
-2.10282
-2.24973
-2.19972
-1.64465
-1.93842
-1.73113
-2.34398
-2.00144
-1.80603
-1.64698
-2.19292
-2.16982
-1.91503
-1.77331
-1.87547
-1.99741
-2.0266
-2.21559
-2.30329
-2.04098
-1.92126
-1.77926
-2.41539
-2.07745
-1.8775
-2.11675
-2.42571
-1.98177
-2.23324
-1.89519
-2.14348
-1.85659
-1.94714
-1.73871
-2.49439
-1.8605
-1.80913
-1.88667
-2.09745
-1.87713
-1.92673
-2.06369
-2.112
-2.11566
-1.73515
-1.6699
-1.99913
-1.73533
-1.85482
-1.78612
-2.30049
-2.08609
-2.14162
-2.22484
-1.98214
-1.9207
-1.76791
-2.34437
-2.13298
-1.74367
-2.19257
-2.03554
-1.88527
-1.80352
-1.86828
-2.58551
-2.02306
-1.88137
-1.63228
-1.87451
-2.16914
-2.016
-2.40278
-1.56213
-1.81503
-2.12388
-2.11872
-2.26455
-2.13953
-2.05414
-2.19056
-2.3771
-2.13073
-2.22778
-2.05166
-1.8668
-1.94431
-1.82339
-1.82299
-2.3504
-2.33494
-2.01369
-2.32805
-2.12378
-1.90164
-2.01146
-2.11448
-2.22754
-1.64473
-1.93897
-2.19077
-1.69663
-2.10162
-2.16403
-1.97928
-2.16082
-1.67528
-2.21357
-2.2778
-2.07203
-2.23029
-1.66264
-1.83227
-2.3271
-1.70058
-1.94899
-1.75153
-2.04923
-1.96846
-2.18997
-1.68001
-2.14688
-1.74161
-2.53396
-2.23874
-1.9672
-1.89754
-1.97723
-2.14337
-1.95815
-1.50419
-1.82715
-2.2454
-2.07132
-1.88642
-2.01026
-2.32851
-1.9369
-2.26362
-1.81211
-1.78757
-2.04575
-2.29875
-1.98954
-1.99715
-2.21679
-1.94282
-2.28408
-1.95788
-1.77049
-1.84481
-2.18239
-2.33749
-1.73553
-2.08558
-1.89962
-1.85944
-1.57397
-1.83457
-2.13786
-1.86746
-2.2327
-2.06279
-2.01136
-2.20917
-1.89915
-1.98526
-2.26797
-2.11091
-1.49103
-2.04101
-1.96365
-1.88379
-2.26057
-1.9128
-1.93977
-1.79816
-1.98288
-2.12568
-2.3197
-1.96331
-2.05866
-1.99015
-2.05246
-1.97747
-1.87432
-2.01346
-1.99365
-2.13297
-2.06591
-1.95779
-2.04346
-2.13859
-2.32565
-1.98897
-1.85401
-2.07488
-1.89089
-1.90734
-1.98889
-1.7249
-2.0809
-1.95734
-2.12012
-1.8434
-1.88122
-2.02838
-1.77015
-2.06542
-2.14645
-2.24621
-1.85733
-2.03379
-1.62693
-1.97105
-2.05099
-1.99499
-1.89953
-2.00368
-1.94422
-1.97556
-1.99504
-1.83449
-2.03098
-1.77818
-1.97513
-2.18459
-2.14033
-2.33293
-2.10277
-2.0718
-1.48662
-2.16847
-2.30366
-2.13724
-2.20653
-1.92459
-1.98276
-1.70067
-1.95806
-1.83489
-2.03908
-2.17034
-1.89071
-1.62891
-1.80999
-2.00578
-2.30056
-2.22122
-1.92483
-2.00533
-1.69431
-2.00032
-1.87483
-2.02585
-1.96848
-2.11271
-2.18726
-2.06497
-2.19862
-1.98294
-1.79306
-1.80296
-2.10709
-2.20258
-2.23235
-2.09535
-2.13955
-1.99266
-2.3179
-2.08955
-2.15227
-2.11159
-2.04253
-2.15647
-1.81536
-1.97023
-1.97078
-1.71087
-2.02006
-1.83027
-1.60683
-2.24136
-1.67576
-1.66577
-2.09724
-2.11571
-1.74517
-2.11872
-1.98315
-1.90754
-2.27502
-1.94488
-2.0296
-2.19477
-2.01085
-1.96069
-1.87695
-1.93132
-1.90648
-2.33674
-1.80578
-2.03734
-2.36499
-1.69173
-2.15874
-1.84846
-1.98048
-2.04603
-2.22123
-2.2489
-2.0327
-1.70169
-2.15573
-1.55589
-1.91217
-1.99202
-2.25982
-2.19661
-1.73671
-1.98879
-2.0518
-1.80921
-1.61859
-1.80894
-2.09188
-2.07493
-2.02903
-1.84335
-2.12673
-1.95006
-2.23006
-2.11171
-2.15001
-2.03787
-1.78748
-1.99917
-2.10924
-2.40392
-2.12679
-2.04502
-1.73999
-2.37036
-2.12325
-2.09763
-1.77012
-2.09271
-2.00786
-2.03412
-1.70189
-1.98038
-1.84965
-1.96388
-2.01251
-1.7694
-1.74729
-1.8821
-1.94931
-2.04713
-1.98804
-1.94092
-1.76664
-2.006
-1.99314
-1.93572
-1.80958
-2.02396
-1.63946
-1.8048
-2.15985
-1.76058
-1.80406
-2.07259
-2.38116
-2.31163
-1.71236
-1.86124
-2.12294
-1.9901
-1.97192
-2.08003
-2.02197
-2.05898
-2.07464
-1.87186
-1.99936
-1.46947
-1.49953
-1.91278
-1.96681
-2.00729
-1.98727
-2.08773
-2.11028
-1.98782
-1.80715
-1.93882
-1.84132
-1.83894
-1.78097
-1.86581
-1.97376
-2.29692
-1.86275
-2.20571
-1.8018
-2.15743
-1.7967
-1.89169
-1.96704
-2.21984
-1.78391
-2.06556
-2.16908
-1.84628
-2.28895
-1.86154
-2.18594
-1.91711
-2.14968
-1.76462
-2.16555
-1.88447
-1.92513
-2.04299
-1.71564
-2.0809
-2.03756
-2.11599
-1.71122
-1.94972
-2.05744
-1.56264
-2.49049
-1.88229
-2.0605
-2.24333
-1.88101
-1.59448
-2.01066
-1.70393
-2.11425
-1.90733
-2.20526
-2.4434
-2.12724
-2.13039
-1.84778
-1.83887
-2.05577
-1.50286
-2.05639
-2.1968
-1.94357
-1.84917
-1.88508
-1.91919
-2.02318
-1.90092
-1.88247
-2.01087
-2.02252
-2.1717
-1.96522
-1.80082
-1.59509
-2.12792
-2.54659
-2.09886
-2.42182
-1.89275
-1.6946
-2.03373
-2.30218
-2.08481
-1.94967
-1.85913
-1.85334
-1.95645
-1.82592
-1.55904
-1.86656
-2.09761
-1.86402
-2.13569
-2.02862
-1.80265
-1.74493
-2.01957
-1.99465
-1.97665
-2.11078
-1.8691
-1.95392
-1.76199
-2.2907
-2.03779
-2.23753
-2.09517
-2.16006
-1.97581
-1.8823
-1.92987
-1.73919
-1.90902
-1.89614
-2.20143
-2.22802
-2.22118
-1.91708
-2.18484
-1.76238
-2.08541
-1.60941
-1.9851
-2.12643
-2.00219
-2.22026
-1.91128
-1.80995
-1.97653
-2.32954
-2.28542
-1.77215
-2.14958
-2.22591
-2.3218
-2.19042
-1.94995
-1.90042
-2.24346
-1.489
-2.04967
-2.21022
-2.26497
-1.8833
-2.24001
-1.99354
-1.93733
-2.00233
-2.38383
-1.93615
-2.06213
-1.67199
-1.91739
-2.15508
-1.99251
-2.33169
-2.3326
-2.04347
-2.23238
-2.07487
-1.92263
-1.75601
-1.95305
-1.81114
-2.12389
-1.82783
-1.77716
-1.82478
-1.61319
-1.62062
-1.95354
-2.03641
-1.83554
-2.25402
-1.80835
-2.08711
-1.83047
-1.86817
-1.81912
-2.22495
-1.93431
-2.20525
-2.17096
-1.92224
-2.17934
-2.23428
-2.10462
-1.9915
-1.89017
-2.11696
-1.81498
-2.09051
-1.81471
-2.31407
-2.09298
-1.98548
-2.10611
-1.97659
-1.92979
-2.13967
-2.02986
-1.72541
-1.98102
-1.94552
-1.97046
-1.56013
-2.01097
-2.11352
-2.01459
-1.63164
-2.07627
-2.0909
-1.90016
-1.8762
-2.03757
-2.3008
-2.16114
-1.57249
-1.9329
-1.92225
-2.1068
-2.26784
-2.14971
-2.12773
-1.90195
-2.38775
-2.05806
-2.13725
-1.92168
-2.18569
-1.78624
-1.88725
-2.2604
-2.14821
-2.19098
-2.21951
-1.92459
-1.8788
-2.15306
-2.10448
-2.12902
-2.28559
-2.29793
-2.12516
-1.98706
-1.88888
-2.00404
-1.89694
-1.84388
-1.97299
-2.06725
-2.15607
-1.78162
-1.85946
-2.34631
-2.13531
-1.55274
-2.0928
-2.03737
-2.18387
-1.87773
-1.95169
-1.85728
-2.01608
-2.15525
-2.25735
-2.04831
-2.07908
-2.44471
-2.08067
-1.91917
-2.05187
-1.77477
-2.13865
-2.27419
-1.94378
-1.79494
-2.31205
-2.16184
-1.92579
-1.89882
-2.21766
-2.33303
-1.75399
-1.7735
-1.77164
-2.03796
-2.30944
-2.10902
-1.80178
-2.17511
-1.74207
-1.7602
-2.19477
-2.1805
-1.61557
-2.05442
-1.94388
-2.20132
-2.192
-2.07483
-2.04275
-1.6788
-2.21516
-2.11559
-1.89258
-2.07836
-2.19127
-2.1377
-1.87691
-1.80548
-1.71025
-2.19352
-1.98516
-2.21949
-1.85718
-1.72297
-1.76213
-1.74022
-1.97004
-2.21908
-2.20479
-1.836
-1.88226
-1.82355
-2.06755
-2.15702
-1.67865
-1.96182
-2.20137
-2.16989
-1.70271
-1.93342
-2.03674
-2.23796
-2.01106
-2.08011
-1.70383
-2.02757
-1.77839
-2.09106
-1.98698
-1.87909
-2.13871
-2.23614
-2.22859
-1.41488
-1.45303
-1.83621
-1.79742
-1.96678
-2.19838
-1.44755
-2.36993
-2.03806
-1.99255
-2.19287
-2.13158
-1.70661
-1.86458
-2.0329
-1.87526
-2.06736
-1.88382
-2.13194
-1.75292
-2.14238
-2.05289
-2.10816
-1.75822
-2.16993
-1.80945
-2.11464
-2.11261
-2.34543
-1.83596
-1.79284
-1.97398
-2.29103
-2.33578
-2.05239
-2.22881
-1.76554
-1.8567
-2.11163
-1.63769
-2.07771
-1.5995
-2.08698
-2.25904
-1.81823
-2.20263
-2.23158
-1.82103
-1.87499
-1.69914
-2.15955
-1.98465
-2.26667
-1.84425
-1.9063
-1.9996
-1.65911
-2.37034
-2.21982
-1.81171
-1.86878
-1.95083
-1.81267
-1.91062
-2.01345
-2.01847
-1.82119
-1.84976
-1.63465
-2.42499
-1.60834
-1.98799
-1.95958
-2.00601
-2.00002
-1.92449
-1.75346
-2.10883
-1.90554
-1.84919
-1.8371
-2.32487
-1.68466
-1.83594
-2.07881
-1.72944
-1.75775
-2.22591
-1.95036
-2.17142
-2.18689
-2.02474
-1.93302
-2.39221
-1.87533
-1.9072
-1.96685
-2.05731
-1.67591
-1.54347
-2.11092
-2.12583
-1.91005
-2.01664
-1.85678
-1.80456
-2.05329
-2.20472
-2.09341
-2.01984
-1.6104
-2.27724
-2.17617
-1.87313
-1.79443
-1.82798
-1.9253
-2.01174
-2.13828
-1.86638
-2.23027
-2.11479
-2.24389
-2.02889
-2.30881
-2.3705
-2.05026
-2.02799
-1.95936
-2.18871
-2.44495
-1.90398
-1.97251
-2.23632
-2.0176
-2.12575
-2.37074
-2.13806
-1.67571
-1.71137
-2.16413
-1.82298
-1.75299
-1.80243
-2.50532
-2.35685
-1.96669
-2.28451
-1.93543
-1.80749
-1.90493
-2.07356
-2.02221
-2.35886
-1.94886
-2.17104
-2.31447
-1.87035
-1.96361
-2.3198
-2.05028
-1.92885
-2.24517
-2.43217
-1.83685
-1.74561
-1.59107
-2.19176
-1.8224
-1.78605
-2.19814
-2.5527
-2.09419
-2.05633
-2.19164
-2.02169
-2.02689
-2.65751
-1.94929
-1.71023
-2.05697
-2.14288
-1.97573
-2.02601
-1.95384
-1.90391
-1.9794
-1.88362
-1.80887
-2.19985
-2.11608
-1.84659
-2.26058
-1.92881
-2.16765
-1.66864
-2.27667
-2.45963
-2.00139
-1.98786
-1.9754
-1.64404
-1.81931
-1.96369
-1.64444
-2.03344
-2.00432
-2.19645
-2.10208
-2.02372
-1.96652
-1.80797
-1.92317
-1.76419
-1.76931
-1.96891
-2.12322
-1.83574
-2.20571
-2.21406
-2.10579
-2.3694
-1.96508
-1.90205
-1.98987
-1.82781
-1.98125
-2.05278
-2.24348
-2.07058
-2.25522
-2.11156
-2.14246
-2.14673
-2.07187
-1.97102
-1.80676
-2.22343
-2.1206
-1.64943
-1.9569
-2.22048
-2.02985
-2.0332
-2.17626
-1.87373
-1.80914
-2.07075
-1.99929
-2.18071
-1.68084
-1.88097
-2.20934
-1.6742
-2.03327
-1.97554
-2.08273
-2.04906
-1.8696
-2.23932
-1.79842
-2.14439
-2.13035
-1.75842
-2.09199
-1.67909
-2.02269
-2.07409
-2.17245
-2.18367
-1.5795
-2.07789
-1.79459
-1.85532
-1.85336
-1.79395
-2.27986
-1.9074
-2.13346
-2.02691
-1.93442
-2.2465
-1.78206
-2.07519
-2.06134
-2.01607
-1.86466
-2.00593
-1.54413
-2.42071
-2.27147
-1.71892
-2.13921
-1.96047
-1.93497
-2.01293
-1.87075
-2.0687
-1.95431
-2.39166
-2.35471
-1.91636
-1.91902
-1.67659
-2.33563
-1.89327
-1.77813
-1.91923
-2.33195
-2.02823
-2.21668
-1.83962
-1.97006
-1.80954
-2.14523
-1.56715
-1.91698
-2.08614
-2.0323
-1.96519
-2.18026
-1.86672
-2.30263
-2.09867
-1.9557
-2.20305
-2.02688
-1.67117
-2.14392
-2.31769
-1.94491
-1.61098
-1.95353
-1.95439
-2.07187
-1.54711
-1.99996
-1.69946
-1.97123
-2.26038
-1.86456
-1.96141
-1.81122
-2.26727
-1.94778
-2.25812
-1.92657
-1.71247
-2.12804
-1.62631
-1.88504
-1.70096
-2.10583
-1.76124
-2.24483
-1.82574
-1.85803
-1.74373
-1.91519
-2.05786
-1.95022
-2.07255
-2.08976
-1.83679
-2.03812
-2.23172
-1.9046
-1.96016
-1.79015
-1.82294
-1.88042
-1.49469
-1.8131
-2.09614
-1.65804
-2.01872
-1.94213
-1.99312
-1.76656
-1.95121
-1.69818
-2.04455
-1.87972
-1.5913
-1.82642
-2.14035
-1.9829
-2.19271
-2.10259
-1.77764
-2.13247
-1.89558
-2.04301
-2.16122
-1.73678
-2.15858
-1.75138
-1.74721
-1.74364
-1.83813
-1.87878
-1.78766
-1.80411
-2.06856
-1.69937
-1.91386
-1.80363
-1.95322
-1.96976
-2.17792
-2.01681
-2.01133
-1.51614
-1.7106
-1.57946
-1.94286
-2.09642
-1.94278
-2.11181
-1.88387
-1.80444
-2.07095
-2.30467
-2.14232
-2.01316
-1.88268
-2.3604
-1.93287
-1.63455
-2.0344
-2.23763
-2.04909
-1.78988
-1.98102
-1.7769
-1.74762
-2.25811
-1.77526
-1.94874
-2.13319
-2.12358
-2.31607
-2.35638
-1.99906
-2.43524
-2.21698
-2.16789
-2.12263
-1.87279
-2.00786
-2.04344
-1.7494
-1.96833
-2.33347
-2.01341
-2.3592
-1.87129
-2.21705
-1.83161
-2.05175
-1.79371
-2.10179
-2.00658
-2.34166
-1.85216
-2.11385
-1.90169
-2.22426
-2.05083
-2.17659
-1.54354
-2.01835
-2.22351
-2.08286
-2.31097
-2.23263
-1.97251
-1.96647
-1.98803
-2.16842
-1.88943
-2.33789
-2.40108
-2.23
-2.33159
-1.94162
-2.41861
-1.88974
-1.84221
-2.45568
-1.64317
-2.15344
-1.74274
-1.91263
-2.32488
-2.30699
-1.83792
-1.8613
-2.10573
-1.67649
-1.86268
-2.05842
-2.17399
-2.12418
-2.11509
-1.83709
-1.83444
-1.86683
-2.05851
-1.73219
-1.94786
-1.77008
-1.77123
-1.67975
-1.76293
-2.04167
-1.78366
-2.50292
-1.89797
-1.79977
-2.07942
-2.02408
-2.36781
-1.68613
-2.0083
-1.78073
-2.01145
-2.03336
-1.97083
-2.24621
-2.2083
-2.21823
-2.39992
-2.11166
-2.00839
-2.18319
-2.2698
-1.95145
-2.25755
-2.12487
-2.12022
-1.9638
-1.83387
-2.1772
-1.652
-1.98659
-1.78603
-1.96342
-1.99162
-1.90429
-2.15552
-1.99513
-2.05253
-2.08049
-1.80338
-2.14751
-1.97513
-1.85917
-2.26717
-2.17709
-1.71616
-1.77309
-1.64554
-1.54891
-2.21153
-1.87311
-2.26238
-1.74748
-2.00763
-1.49605
-2.01173
-2.46661
-2.01234
-2.25309
-1.86832
-2.17847
-2.10963
-2.03377
-2.2726
-2.01322
-1.78876
-2.12073
-1.59448
-1.99719
-1.8106
-2.20507
-2.04135
-1.73565
-1.75702
-1.98496
-1.92036
-2.39169
-2.19894
-2.37191
-2.28654
-1.94917
-1.93528
-1.93073
-2.18284
-1.71016
-2.12866
-2.32395
-1.94091
-2.10254
-2.15483
-2.08658
-1.90561
-2.39331
-1.94641
-1.94544
-2.03459
-1.92014
-2.1905
-2.12643
-1.68002
-2.09154
-2.21354
-2.30245
-1.50031
-1.7787
-1.78563
-2.01752
-1.661
-2.35988
-1.86846
-1.95438
-1.75589
-1.62159
-2.12474
-1.86751
-1.83469
-1.81522
-2.09591
-2.00063
-1.99455
-1.63595
-1.94557
-1.75208
-1.90519
-1.73023
-2.18593
-2.0176
-1.8561
-1.97921
-2.09075
-2.1933
-1.94738
-2.18812
-1.78215
-2.09989
-1.78386
-1.68781
-1.8059
-1.66084
-2.06707
-2.21348
-1.80325
-2.2128
-1.93544
-2.05678
-2.24613
-1.94425
-2.28041
-2.01776
-2.01146
-1.76559
-2.1531
-2.07785
-1.59452
-2.23377
-2.66807
-1.76994
-1.92056
-1.9399
-1.72326
-2.11479
-1.81613
-2.08761
-2.26621
-2.10873
-1.85938
-1.91703
-1.56917
-1.92599
-1.8069
-1.93545
-1.78134
-2.16387
-2.07955
-1.76322
-2.19709
-2.09491
-2.19593
-2.22042
-1.54099
-2.09742
-2.61297
-2.03449
-2.13307
-2.1784
-2.01917
-1.76234
-1.98179
-1.88455
-1.99567
-2.5791
-2.02818
-2.11303
-2.04566
-2.04522
-2.25114
-2.05727
-1.93656
-1.94677
-1.9455
-1.79655
-2.17322
-1.8288
-1.75515
-2.33906
-1.94021
-2.09476
-1.86724
-1.88747
-1.83657
-2.20798
-1.87116
-2.24408
-1.99095
-1.94153
-1.90843
-1.73833
-2.07484
-2.41976
-1.91973
-2.19473
-2.1603
-2.16258
-2.10565
-2.03545
-2.1075
-2.18257
-2.07553
-1.98083
-1.75813
-2.27496
-2.09156
-2.23255
-1.80975
-2.09089
-1.61608
-1.99832
-2.16942
-1.83097
-1.72428
-2.07972
-2.03953
-1.92901
-1.96164
-1.96905
-2.30095
-2.22707
-1.92661
-2.00497
-1.98573
-1.91788
-1.64326
-1.94867
-2.42488
-1.93361
-1.74458
-1.9429
-1.93501
-1.88175
-1.73979
-1.93307
-1.88177
-2.07633
-2.28384
-1.8119
-2.28808
-2.0109
-2.23575
-1.65988
-1.95665
-2.19129
-2.29891
-1.79978
-2.12289
-2.04074
-2.45204
-1.93327
-1.86119
-2.3656
-2.09105
-1.94521
-2.33909
-2.19117
-1.92313
-1.84226
-1.85061
-2.21853
-2.08323
-2.06525
-2.05734
-1.75142
-2.008
-2.42821
-2.08339
-2.10608
-2.36848
-1.90454
-1.95425
-2.00498
-1.8843
-2.1419
-1.98563
-1.72473
-1.89919
-2.3149
-2.0345
-2.05326
-1.99586
-2.1477
-2.25797
-2.06565
-1.96734
-1.35462
-1.95258
-1.61035
-1.81668
-2.27749
-1.96462
-1.7489
-1.73886
-1.82342
-2.27753
-2.05547
-1.53266
-2.02421
-1.74218
-2.17405
-2.33552
-2.07709
-1.9656
-2.06871
-2.22253
-2.18033
-1.8735
-2.01751
-1.93541
-1.7629
-2.11437
-1.73257
-1.94264
-2.37587
-2.08387
-1.90657
-1.80055
-2.33543
-1.99746
-2.13171
-2.16139
-2.14728
-2.3484
-2.21085
-2.19978
-1.85911
-1.87587
-1.97257
-1.92511
-1.91191
-1.89351
-1.94169
-1.94278
-1.98084
-1.94279
-2.00539
-2.26071
-1.82919
-1.93223
-2.02711
-2.07703
-2.2541
-2.25632
-1.9034
-2.23361
-2.09185
-1.79779
-2.27876
-1.99105
-2.06223
-2.26371
-1.85029
-2.38152
-2.33867
-2.14602
-1.87683
-2.04114
-1.78471
-1.99535
-1.79628
-2.04358
-2.16173
-2.32721
-1.77508
-1.81831
-2.22751
-1.85489
-2.10479
-1.90045
-2.29421
-2.04756
-2.31352
-1.93101
-1.8943
-1.86527
-1.87269
-1.85359
-2.23565
-1.98009
-1.68772
-2.16091
-1.58544
-1.87834
-2.04142
-2.41833
-2.31508
-2.14412
-2.10727
-1.84286
-2.18226
-2.32779
-2.07049
-1.96396
-2.02621
-1.98717
-2.14052
-1.97734
-1.52236
-1.99152
-1.99667
-2.24269
-2.01188
-2.23461
-1.88949
-1.72601
-1.64702
-1.8114
-2.20896
-2.0472
-1.74667
-2.01955
-2.18801
-2.07837
-2.10478
-2.40903
-1.70509
-2.1702
-2.26277
-2.11939
-2.40921
-2.45808
-2.12744
-2.18235
-2.2687
-2.11094
-1.89782
-2.20827
-2.16294
-1.83829
-1.74886
-2.17346
-2.14708
-1.90326
-2.19218
-2.00228
-2.34077
-2.40332
-2.37824
-1.80926
-2.07718
-1.73425
-1.92833
-1.92983
-1.71447
-1.67104
-2.168
-2.10564
-1.81612
-2.29085
-1.99375
-1.84413
-2.02577
-1.88041
-2.08499
-2.05049
-1.93175
-2.42423
-1.77603
-2.02677
-1.94577
-2.13451
-1.63057
-1.68566
-2.12267
-1.99088
-1.9811
-2.12836
-2.10335
-2.27063
-1.79339
-1.98923
-2.06085
-2.2102
-1.77697
-2.2689
-1.82007
-2.28489
-2.16806
-1.98898
-2.02147
-2.34227
-1.88709
-1.56846
-1.93837
-2.00345
-1.7231
-2.09503
-2.06794
-1.75354
-2.04029
-1.82646
-2.22182
-2.15531
-1.85338
-2.034
-1.74049
-2.09178
-2.32601
-2.21212
-1.74807
-2.16265
-1.95014
-2.01694
-2.10229
-2.24144
-2.00394
-2.09325
-2.19195
-2.11449
-2.11997
-1.8059
-2.09333
-1.75794
-2.10824
-1.98313
-2.08301
-2.09387
-1.85115
-2.22756
-2.13654
-1.82017
-1.79171
-1.97216
-2.13301
-2.17156
-1.68704
-1.95832
-1.97111
-1.83929
-2.22565
-1.9442
-1.6479
-1.83461
-2.00105
-2.02598
-2.05915
-2.02635
-1.72714
-2.27531
-2.42756
-1.74182
-2.04811
-2.10395
-1.99901
-2.02347
-2.53831
-2.14246
-1.91013
-2.0138
-2.23883
-2.32153
-2.18134
-1.93332
-2.2612
-2.06088
-2.04036
-1.698
-2.08193
-2.31049
-2.34329
-1.91273
-1.49787
-1.40743
-1.76412
-2.4385
-1.98793
-2.09438
-2.10049
-2.02239
-2.19966
-2.02556
-1.9976
-1.63874
-1.95726
-1.6807
-1.82588
-1.9608
-2.07808
-2.05445
-2.12844
-1.64668
-1.9216
-1.92277
-2.00673
-2.35824
-2.17059
-2.12635
-2.19022
-2.07415
-2.13112
-2.09591
-1.68901
-2.02776
-2.33119
-1.79091
-1.56098
-2.05055
-2.21852
-2.13847
-1.79312
-1.88225
-1.79267
-2.44137
-2.03582
-2.0859
-2.15397
-1.72655
-2.05896
-2.12491
-2.35112
-2.16073
-2.15219
-2.24759
-1.69418
-2.31216
-2.25695
-1.91589
-2.23177
-1.86745
-2.24031
-1.99941
-2.13565
-2.16226
-1.98642
-1.99541
-1.87893
-2.26128
-2.03364
-1.84087
-2.24727
-1.91154
-2.16067
-2.03073
-1.81629
-1.6906
-1.93341
-1.86003
-1.84565
-1.92186
-1.77417
-2.47882
-1.64725
-1.87677
-1.73831
-2.41018
-2.09316
-2.2603
-2.13329
-1.78879
-2.0066
-1.87567
-2.06601
-1.92782
-2.03943
-1.84438
-2.07543
-2.00205
-2.10713
-2.04181
-1.90494
-1.87055
-2.39984
-2.08441
-2.15321
-2.21221
-1.68942
-2.12933
-2.08556
-2.39611
-2.02389
-2.14364
-2.00618
-1.98816
-2.03135
-2.00006
-1.7509
-1.70539
-1.82524
-2.20369
-1.81673
-2.16351
-1.8898
-1.91967
-1.94934
-2.01207
-1.34553
-2.04253
-2.48449
-2.39972
-1.68392
-1.79705
-1.95136
-1.89112
-2.15416
-2.10092
-1.97392
-1.74127
-1.9801
-2.17829
-2.08473
-1.96482
-1.58396
-1.85641
-2.13508
-2.1614
-1.88583
-1.45258
-1.7876
-1.97012
-1.95923
-2.22847
-1.78287
-2.44045
-1.90717
-2.11482
-1.89752
-2.42523
-1.89189
-1.95665
-1.90435
-2.20757
-1.92014
-1.57072
-2.11984
-2.05745
-2.16245
-2.12831
-2.2689
-2.10206
-2.12994
-2.42098
-2.06913
-1.93515
-1.74789
-1.92084
-2.05971
-1.92211
-2.00739
-1.85183
-1.71329
-1.95679
-2.04201
-2.11046
-2.07421
-2.06094
-2.43189
-1.89674
-2.00242
-2.33113
-2.23853
-1.86536
-2.16889
-1.65491
-1.63006
-1.62651
-2.19039
-2.46378
-2.12002
-2.11439
-1.87664
-2.04212
-1.88033
-2.32946
-2.0196
-1.84335
-2.5464
-2.32203
-2.10756
-1.65594
-1.91907
-1.88641
-2.23713
-1.80231
-1.99335
-2.04962
-2.07819
-2.70965
-1.75598
-2.06559
-1.53188
-1.97514
-2.14014
-2.06205
-1.69629
-2.14768
-1.944
-1.94364
-1.93339
-1.53413
-1.51172
-2.04997
-1.91243
-2.00183
-2.19203
-2.05687
-2.12962
-2.20348
-2.25362
-2.07666
-2.33093
-2.45954
-1.63868
-1.90171
-2.35729
-1.90031
-2.1009
-2.06852
-2.40633
-2.03037
-1.75848
-1.76552
-2.08522
-2.03476
-2.12225
-2.09704
-1.9947
-2.1577
-1.90417
-2.48394
-2.2585
-2.08855
-1.80091
-1.71912
-2.20129
-2.02609
-2.18001
-2.3353
-1.98538
-1.83314
-2.01239
-1.87936
-1.65598
-1.74172
-2.20627
-2.21436
-2.18199
-1.79062
-2.01954
-2.33083
-1.6171
-2.28
-1.90645
-1.55008
-2.43229
-1.84284
-2.02024
-2.205
-1.78966
-2.01523
-2.02475
-2.0759
-2.08983
-1.68141
-1.69073
-2.11921
-2.0247
-2.02019
-2.29376
-2.54743
-2.19769
-1.65465
-2.26061
-2.03274
-2.08195
-2.42255
-1.93085
-2.08223
-2.16083
-1.86785
-1.98658
-2.26109
-2.09948
-1.96153
-2.25607
-2.38758
-1.94584
-2.03711
-1.66989
-2.13424
-2.01379
-2.39953
-1.95422
-1.85765
-1.82284
-2.22385
-1.7588
-2.02292
-2.13359
-1.79944
-2.51054
-1.94921
-2.02839
-1.81915
-1.87987
-1.61143
-2.19453
-2.13175
-1.85297
-1.88658
-1.83313
-1.97198
-1.76147
-2.23004
-2.18788
-1.87333
-2.09252
-2.0841
-1.82837
-2.51318
-1.89029
-2.17021
-2.11941
-2.19464
-1.95507
-2.08132
-1.99882
-1.64899
-2.06044
-2.17476
-2.1339
-2.11949
-2.34334
-2.12094
-2.36329
-2.11184
-1.90924
-2.45945
-2.0376
-1.68207
-2.51475
-1.96758
-2.18417
-2.04753
-1.99049
-2.61912
-1.86058
-1.58582
-1.77466
-2.2575
-2.03752
-1.84584
-1.92138
-2.33939
-1.91973
-1.94662
-2.20245
-1.89324
-2.00299
-2.14987
-2.16709
-1.80711
-2.25656
-1.86605
-2.12598
-1.75765
-2.17162
-2.51112
-2.24379
-1.83885
-1.85095
-2.1043
-2.16561
-2.02221
-2.29844
-2.14712
-2.18006
-2.34587
-1.56325
-2.32619
-1.89694
-1.75603
-2.08238
-1.75366
-2.03777
-2.1098
-1.83361
-1.77196
-2.28537
-1.70776
-1.93471
-1.73714
-2.01329
-2.04638
-2.08303
-1.797
-2.32635
-2.00944
-2.6391
-1.95448
-1.98037
-2.15793
-2.00989
-1.75563
-2.05751
-1.22701
-2.00865
-1.65352
-1.6926
-2.25937
-2.10464
-2.09987
-2.17625
-1.91825
-2.22781
-2.11497
-2.14865
-2.0599
-2.21834
-1.8981
-2.0391
-2.31811
-1.70944
-1.76039
-2.15242
-1.90066
-2.18887
-2.10422
-1.99639
-2.09099
-2.20982
-1.7585
-1.9679
-1.91557
-2.07597
-2.07905
-1.97829
-1.95757
-1.89733
-1.84804
-1.99468
-2.18559
-1.54449
-1.76352
-2.08803
-2.2838
-1.80949
-2.25178
-2.12634
-2.39824
-2.34537
-1.88798
-2.27282
-1.92116
-2.12966
-2.36474
-2.3688
-2.40158
-1.96934
-1.98518
-2.0776
-1.91948
-2.13118
-2.30422
-1.81786
-1.50146
-2.00289
-2.04733
-1.89575
-2.05871
-2.02821
-2.21975
-1.95117
-2.0782
-1.90005
-1.975
-1.89694
-1.9688
-2.11313
-1.9702
-1.82376
-2.12556
-2.25
-2.33988
-1.95756
-1.62227
-1.80682
-1.90562
-2.21176
-2.36239
-1.934
-2.29559
-2.36193
-1.99642
-1.73078
-1.88817
-2.07526
-1.74776
-2.13361
-2.0431
-2.04446
-2.16222
-2.16501
-1.75355
-1.81954
-1.92761
-1.88463
-2.17615
-2.03133
-1.95245
-1.90428
-2.03996
-1.98424
-2.22228
-2.05533
-1.78045
-2.27312
-1.60888
-1.66525
-1.90391
-2.16413
-1.66751
-2.50216
-1.84785
-2.13919
-2.01701
-2.15903
-2.18385
-2.04938
-1.86658
-1.97048
-1.91939
-2.11897
-1.49249
-2.16371
-2.2111
-1.75618
-2.266
-1.62167
-2.09238
-2.27892
-1.91333
-2.17774
-2.07867
-1.93221
-1.88184
-1.89863
-1.78575
-1.8828
-1.62753
-1.79661
-2.09817
-1.84131
-2.0954
-2.01615
-1.77611
-2.1856
-2.17436
-1.55819
-1.96224
-2.0742
-2.15859
-2.29309
-1.99325
-1.84511
-1.93068
-2.14457
-2.20255
-2.1139
-2.17099
-2.49121
-2.21128
-1.90314
-2.02103
-1.95798
-1.93233
-2.39225
-1.75421
-1.8963
-1.84371
-2.59834
-1.71106
-1.89843
-2.32511
-2.11498
-2.16312
-2.02993
-1.82952
-2.31461
-2.01758
-1.86743
-2.10305
-2.10736
-2.24399
-2.06194
-1.99545
-1.87289
-2.28987
-2.57386
-1.85072
-1.58671
-2.16043
-1.98537
-1.92467
-1.90095
-1.83463
-2.1913
-2.17666
-1.66675
-1.81544
-2.51309
-1.74637
-1.87574
-1.7803
-1.98588
-1.83327
-2.04156
-2.04519
-2.01081
-1.80075
-1.83098
-2.06032
-2.14732
-2.04632
-2.3605
-2.16938
-2.10154
-2.02358
-1.75741
-1.96837
-2.1968
-1.79754
-1.9239
-1.9377
-1.87242
-2.11695
-1.94824
-1.8762
-1.83149
-2.56236
-2.18862
-2.24585
-2.07277
-2.05301
-1.95377
-2.07794
-1.98055
-2.05348
-2.10638
-1.7261
-2.21102
-1.97863
-2.27609
-2.54333
-2.23717
-1.98832
-1.79585
-2.04367
-1.75976
-2.35688
-2.03772
-2.12208
-2.09062
-2.05481
-2.06843
-1.97911
-1.86176
-1.92628
-2.07599
-2.27173
-2.55303
-2.27943
-1.72343
-1.94679
-2.10591
-2.10089
-1.96271
-2.11217
-1.97273
-2.04172
-2.16051
-1.83271
-1.79233
-2.10605
-2.17918
-1.96379
-2.31312
-2.00697
-1.88957
-1.96276
-2.11247
-2.15541
-1.91088
-1.95255
-2.39102
-1.97284
-2.03944
-2.15656
-2.20773
-2.08682
-1.97363
-2.01787
-2.23664
-1.91017
-2.14586
-1.8858
-1.90726
-2.4736
-2.28631
-1.80063
-2.11863
-1.9869
-2.14996
-2.62724
-1.78766
-2.05964
-1.76072
-1.88659
-2.10507
-1.96766
-1.91197
-2.07349
-2.10752
-1.93145
-1.90923
-2.03871
-2.13095
-1.97219
-2.08596
-1.92722
-1.72436
-2.33659
-2.01147
-1.99662
-1.91972
-2.04221
-2.14371
-2.31727
-2.13629
-2.26863
-2.13683
-2.18116
-1.91483
-2.09805
-2.19741
-2.10999
-1.96075
-2.00923
-1.91456
-2.15295
-2.33546
-1.75798
-2.1033
-1.8357
-2.26434
-2.04278
-2.06719
-2.08669
-1.90258
-2.12662
-2.00666
-2.17835
-2.02201
-2.05308
-1.83358
-1.67584
-2.29144
-1.72258
-2.09851
-2.13995
-1.72406
-2.23103
-2.06713
-1.74852
-2.2569
-2.02641
-2.10787
-1.98621
-1.76708
-1.72954
-2.03998
-2.16299
-1.68008
-1.88647
-2.07671
-2.35674
-1.89279
-2.12237
-2.09238
-1.98725
-1.9252
-2.0734
-2.06488
-2.24554
-1.82307
-2.0729
-2.24247
-2.27501
-1.96916
-1.88276
-1.84497
-2.01498
-1.79263
-1.59162
-2.17315
-1.99918
-2.0076
-2.02986
-2.29256
-2.02559
-2.37588
-1.867
-2.08398
-1.94456
-1.84336
-1.72449
-1.99301
-1.82888
-2.34842
-2.03984
-1.84931
-1.77934
-1.88429
-2.24273
-2.00405
-2.0458
-1.96497
-2.01527
-2.02622
-2.32937
-2.23784
-1.97527
-2.28549
-2.41008
-1.99222
-1.93271
-1.85477
-2.09887
-1.65869
-1.747
-1.90675
-2.00627
-1.77099
-1.97882
-2.57315
-1.85824
-1.84609
-1.69419
-2.00787
-2.1021
-1.6715
-1.78508
-1.78446
-2.05885
-2.01951
-1.99328
-2.0868
-1.89276
-2.26291
-1.94008
-2.08579
-1.96101
-1.55603
-2.36096
-1.95386
-2.01262
-2.13893
-2.06555
-2.34976
-1.98087
-2.02861
-2.0982
-2.15296
-1.95462
-1.93258
-2.40075
-1.74336
-1.85176
-1.8132
-2.15149
-2.3784
-2.26455
-2.25279
-2.1358
-2.0843
-2.01945
-2.35555
-2.08708
-1.66508
-2.07192
-2.085
-1.79579
-1.66399
-1.8546
-2.11064
-2.21377
-2.03477
-2.15321
-2.02628
-1.69439
-2.29189
-1.58785
-1.83235
-2.51462
-1.99096
-2.02355
-2.18076
-1.65229
-2.02118
-2.34157
-1.88104
-1.87401
-2.04485
-2.08913
-2.16349
-1.98781
-1.95359
-2.06357
-1.78984
-1.77721
-2.07865
-1.89213
-2.1264
-2.11817
-2.12632
-2.21916
-2.03996
-1.93002
-2.19049
-1.8373
-2.08677
-1.85952
-1.99139
-2.13071
-2.08787
-1.9565
-1.98621
-1.8691
-2.0542
-1.97858
-2.1056
-2.09793
-1.9752
-2.27221
-1.8734
-2.13136
-1.96036
-1.86448
-1.97631
-2.22794
-1.77159
-1.64992
-2.15007
-1.96262
-1.80858
-1.65297
-1.95789
-2.00737
-1.91568
-1.73788
-2.24879
-2.10334
-1.97654
-1.83872
-2.02465
-2.19588
-1.91215
-2.11128
-1.50379
-2.16843
-2.13382
-1.80366
-2.21642
-2.21346
-2.1182
-1.90976
-2.10699
-1.967
-2.25025
-1.8028
-2.24616
-1.96112
-1.82177
-2.02056
-1.95262
-2.24711
-2.29037
-2.18956
-2.1325
-2.36616
-1.74698
-1.93045
-2.11589
-1.9336
-1.62889
-2.34927
-1.62758
-2.16611
-1.89681
-2.14662
-2.47999
-1.80595
-2.07769
-2.15508
-2.18854
-2.01203
-2.15152
-2.3976
-2.43309
-1.6798
-1.82677
-1.95661
-2.32927
-2.27788
-2.18619
-1.84387
-2.19877
-1.93149
-1.59673
-2.22699
-2.07226
-1.84718
-1.98441
-2.34293
-1.7997
-1.95143
-2.40869
-1.98733
-1.92947
-2.20253
-1.98572
-2.02297
-1.83461
-1.71929
-2.02373
-1.90751
-1.61239
-1.85336
-1.88319
-1.82375
-1.76326
-1.91699
-2.27452
-1.6001
-1.97099
-1.74465
-1.83904
-2.0904
-2.21079
-2.02327
-2.04827
-2.0635
-1.89411
-1.88227
-1.93836
-2.18914
-2.15057
-1.73327
-2.08678
-2.38224
-1.71543
-2.11129
-2.03083
-2.28496
-2.22134
-1.94812
-2.08746
-2.28194
-1.62448
-2.29104
-2.00126
-2.14429
-1.66919
-1.83437
-2.35451
-1.84298
-2.12262
-1.95094
-1.73479
-2.16592
-1.62501
-2.10158
-2.15598
-1.816
-2.23682
-2.14395
-2.12974
-1.91794
-1.99061
-1.83244
-2.07694
-1.92766
-1.64598
-2.14354
-1.97984
-1.80783
-2.10724
-1.65279
-1.88176
-2.05917
-2.14622
-2.46074
-1.98401
-2.04277
-2.35491
-2.14206
-1.75035
-2.41003
-2.07116
-2.18513
-1.74592
-2.25738
-1.75292
-1.59629
-1.92042
-1.81519
-2.08453
-1.99246
-1.92681
-2.01528
-1.92095
-1.92089
-1.80657
-2.10886
-2.09549
-1.95284
-2.08705
-2.06113
-2.02986
-2.00579
-2.11318
-1.89922
-2.26078
-2.09102
-2.12108
-2.38765
-1.68113
-1.74775
-1.96888
-1.89399
-1.96743
-1.91999
-1.98368
-2.42058
-1.99507
-2.2682
-1.90289
-2.26015
-2.0466
-2.14385
-2.31945
-2.20513
-1.74397
-2.34099
-2.00975
-1.85905
-2.00542
-2.55299
-1.93601
-2.05241
-1.90434
-1.56391
-2.14672
-2.03624
-2.04124
-1.48082
-1.6787
-1.8768
-2.00689
-2.27537
-2.36882
-2.12824
-2.08029
-2.10776
-1.94489
-1.89725
-2.21246
-2.05593
-2.25005
-2.11228
-1.831
-2.11807
-2.23687
-1.5978
-2.34931
-2.1447
-2.03288
-1.88701
-1.91937
-2.31592
-1.81017
-1.86623
-1.99877
-1.76056
-2.12435
-2.07311
-1.76838
-1.79084
-2.2686
-1.84174
-2.04548
-2.13333
-1.73043
-1.79692
-2.09116
-2.23196
-1.70132
-2.36969
-1.89598
-1.85481
-1.75454
-1.59703
-1.61398
-1.77433
-1.94034
-1.91818
-2.17744
-2.01077
-1.88871
-2.25391
-1.91909
-2.24067
-1.94754
-2.10811
-1.84357
-1.60271
-1.96259
-2.16498
-2.09473
-1.9545
-2.14982
-2.13295
-2.37433
-1.81955
-2.16028
-2.02177
-2.33815
-2.09286
-2.43631
-2.22287
-1.94379
-1.76064
-2.13496
-2.32239
-1.54954
-2.14987
-1.9418
-2.18766
-1.75266
-2.01646
-1.92126
-2.07044
-1.84283
-2.01627
-2.39759
-1.96014
-1.82691
-1.81311
-1.85763
-2.15385
-1.61517
-1.99119
-1.89442
-2.04872
-2.12284
-1.90746
-2.01723
-1.96477
-2.18742
-1.74465
-1.68775
-1.86147
-2.33003
-2.29293
-1.74735
-1.63899
-2.0013
-2.00122
-1.56124
-2.14349
-1.60188
-1.52345
-1.88418
-2.07141
-2.28427
-2.15587
-1.69881
-2.03063
-1.89694
-2.16086
-2.39623
-1.93571
-2.34656
-2.34109
-1.84405
-1.85121
-1.83536
-2.02536
-2.08061
-2.3615
-2.01638
-2.17377
-2.23548
-1.78177
-2.65978
-2.32638
-2.09081
-1.77573
-1.96237
-1.7638
-2.0029
-2.27243
-2.26206
-2.03786
-2.0367
-2.32907
-1.77875
-2.16002
-1.83246
-1.89874
-1.9399
-1.98297
-2.44966
-2.25588
-2.13052
-2.21992
-1.78318
-2.05677
-1.82937
-1.79428
-2.12353
-1.73344
-2.05947
-1.86977
-1.9029
-2.10325
-2.29051
-2.10631
-2.18138
-1.47624
-1.84992
-2.06284
-2.28803
-2.14169
-1.88867
-2.09717
-1.82808
-2.1712
-2.34378
-1.84886
-2.01705
-1.96815
-2.43707
-2.13332
-1.75262
-2.16198
-2.15622
-2.19809
-2.05319
-1.74659
-2.10381
-2.07587
-2.10335
-2.14162
-1.66528
-1.86073
-1.71142
-2.01947
-1.85279
-2.15394
-2.08418
-2.11682
-1.92147
-2.31814
-1.87981
-1.77748
-1.88756
-2.46012
-2.21343
-1.77193
-1.70703
-1.8359
-1.63368
-2.38641
-2.13207
-2.05912
-1.81056
-1.86817
-2.32006
-2.09736
-2.03446
-2.10295
-2.18456
-1.99671
-1.87177
-1.93253
-1.7874
-1.81288
-2.14441
-1.89547
-2.05798
-1.95692
-2.15712
-2.37241
-1.86541
-1.83718
-1.79705
-2.04415
-2.32018
-2.04624
-2.07595
-2.1205
-2.09645
-2.32174
-2.04687
-2.02648
-1.95071
-2.22456
-1.8172
-1.76451
-1.59154
-1.87838
-1.87814
-2.05079
-1.92771
-1.89811
-2.21479
-1.85901
-2.16241
-1.56558
-2.12573
-1.64798
-2.24152
-1.92856
-1.89188
-2.33455
-1.7759
-1.55862
-1.94049
-2.15489
-1.70676
-2.09664
-2.04974
-2.3715
-1.72827
-1.96283
-2.20879
-2.36214
-2.37966
-2.07857
-1.93496
-1.89287
-1.97555
-1.77234
-2.09915
-1.63628
-2.20408
-1.94604
-2.06221
-1.77523
-2.09057
-1.87877
-1.92576
-1.73769
-2.05746
-1.96704
-2.01936
-2.21775
-1.95932
-1.76436
-2.33032
-1.52781
-2.37819
-1.99363
-1.94425
-2.138
-2.0616
-1.8592
-1.86773
-2.20768
-1.86604
-1.81861
-2.00044
-1.98537
-2.22778
-2.11867
-1.50175
-2.02744
-1.89162
-2.01033
-2.18153
-1.91713
-2.05313
-2.09577
-1.61809
-1.95159
-1.864
-1.77343
-1.92138
-1.99047
-1.55029
-2.09619
-2.48038
-2.38889
-1.93105
-1.87119
-1.81167
-1.90936
-1.87552
-2.43604
-2.02207
-2.25661
-1.9526
-2.18605
-1.98044
-2.07186
-2.08177
-2.01217
-1.78955
-1.90425
-2.55675
-1.89
-1.84208
-2.03624
-2.01458
-2.16365
-2.06876
-2.02962
-1.92658
-2.10454
-1.96672
-2.14231
-2.32809
-2.26128
-1.72313
-1.84702
-1.96463
-1.93532
-2.02647
-1.94996
-2.1251
-2.00911
-1.99544
-2.00661
-2.08703
-1.92021
-2.18708
-2.22907
-1.93837
-2.25674
-1.96598
-1.69162
-1.52496
-1.82136
-1.99871
-1.86394
-2.0513
-2.21367
-2.30319
-2.16932
-1.8524
-1.96465
-2.20192
-1.96228
-1.95075
-2.26776
-1.96729
-1.81918
-1.68396
-2.19913
-1.94311
-2.27942
-2.23931
-1.99566
-1.96557
-2.13235
-1.98595
-1.75743
-2.1005
-1.93962
-2.04869
-1.66169
-2.17619
-2.37745
-2.0131
-1.96427
-1.2451
-1.7388
-1.92855
-2.09192
-1.97799
-2.08726
-1.744
-2.07783
-1.91432
-1.9672
-2.10679
-2.13493
-2.00805
-2.44179
-2.053
-2.00182
-1.69618
-1.90676
-2.05724
-2.34579
-1.98851
-2.0898
-1.59819
-2.12116
-1.93742
-1.72418
-1.97306
-2.06078
-1.76456
-2.27474
-1.87076
-1.99552
-1.79842
-2.17014
-1.77086
-1.8402
-1.49661
-2.04042
-2.18708
-2.23685
-2.01327
-2.46211
-1.93338
-1.73442
-2.14036
-1.82127
-1.59079
-2.06185
-1.86303
-1.98313
-1.9889
-2.08439
-1.89911
-1.764
-2.03508
-1.91929
-2.03653
-2.49231
-2.28358
-2.07161
-2.07415
-1.98564
-2.33699
-1.77728
-2.2188
-1.94313
-1.83384
-1.99468
-1.9245
-1.89505
-2.03443
-2.053
-2.51611
-2.09215
-2.10715
-1.73114
-2.02519
-1.94851
-1.90818
-2.02624
-2.27364
-2.13062
-2.2085
-1.78787
-1.84148
-1.99235
-1.84367
-2.11163
-1.97918
-2.06425
-2.10291
-1.77539
-2.01556
-1.97163
-2.08174
-2.24043
-2.0649
-2.12266
-1.57684
-2.11681
-2.13757
-1.94642
-1.97965
-2.29553
-2.16353
-2.01175
-1.48002
-1.92669
-1.86054
-1.70058
-1.90149
-2.04255
-2.09008
-2.0532
-1.90426
-1.78038
-2.0789
-2.01794
-1.82149
-1.77793
-1.73164
-1.7897
-2.02658
-2.27411
-1.68461
-2.0052
-1.7738
-1.93546
-2.11693
-1.87094
-2.2153
-1.93013
-2.07462
-1.97632
-2.13786
-1.98374
-1.86697
-1.907
-2.13965
-1.8306
-2.30413
-2.15865
-1.93727
-1.98625
-2.12682
-2.31303
-2.00221
-1.84578
-2.02332
-1.47539
-1.64416
-2.08982
-2.08034
-2.28242
-1.63621
-2.1781
-2.07841
-2.01903
-2.00435
-2.06868
-1.86411
-2.09436
-2.06357
-2.05716
-2.16034
-1.94834
-1.92126
-1.8944
-2.03682
-2.41131
-2.14307
-1.98305
-1.91664
-2.03236
-1.96476
-1.66893
-2.03742
-2.33539
-2.08932
-1.90406
-1.69209
-1.74203
-1.97799
-2.11295
-2.12592
-1.91807
-1.93322
-2.20906
-1.96691
-2.33764
-1.95809
-2.28196
-2.21975
-2.27635
-2.05181
-1.94653
-2.26007
-2.03801
-1.97369
-1.75522
-1.92231
-2.11261
-1.72174
-1.65796
-2.05959
-2.05824
-1.80475
-1.94332
-1.95743
-2.10635
-2.18308
-1.9841
-1.71198
-2.24238
-2.1118
-2.39052
-1.93063
-1.97914
-1.71845
-2.40096
-2.41081
-2.25121
-2.02525
-2.02998
-2.06665
-1.86645
-2.00186
-2.09442
-1.81148
-2.09446
-1.97256
-2.07651
-1.93604
-1.72319
-2.4852
-2.14249
-1.82277
-2.02158
-2.19314
-1.59796
-1.81978
-1.94241
-1.94955
-1.86449
-1.86356
-2.42996
-1.7659
-1.80804
-1.79775
-1.69276
-2.02954
-1.94957
-1.95194
-2.23729
-2.02282
-1.66897
-1.86066
-1.70555
-2.08885
-1.80346
-2.08299
-2.0756
-1.98584
-1.94412
-1.91579
-2.0066
-2.37986
-1.91226
-1.82552
-1.63921
-2.24105
-2.16732
-1.81139
-1.83746
-1.98565
-1.90146
-2.01593
-2.30088
-1.92779
-2.02198
-2.02949
-2.01502
-1.9881
-2.09138
-2.00489
-2.01191
-1.94519
-1.82153
-1.88873
-1.9191
-1.82674
-1.92239
-2.13655
-1.9212
-2.21189
-2.50234
-2.11173
-1.80349
-1.80163
-1.98255
-2.14094
-1.69855
-1.99356
-1.97815
-2.01944
-1.88648
-2.35811
-1.79394
-1.84368
-2.09037
-2.14612
-1.86324
-1.83113
-2.50741
-2.53115
-1.8258
-2.07325
-2.1762
-1.98709
-1.95849
-2.39833
-1.87341
-1.88365
-2.05036
-2.4762
-1.42281
-2.10707
-2.26088
-2.05702
-2.19088
-1.75287
-2.00665
-1.25628
-1.82271
-1.8571
-1.57413
-2.33607
-1.85032
-1.90392
-1.99194
-2.23779
-1.78726
-2.0468
-2.03798
-1.75987
-2.41957
-2.04794
-1.73691
-1.97201
-1.55195
-2.13988
-2.14694
-1.82454
-1.82559
-2.37664
-1.99376
-1.69571
-2.03729
-2.31193
-1.78055
-2.1704
-1.81819
-2.11117
-2.20856
-1.6587
-1.89232
-2.21493
-2.06309
-2.03383
-2.28348
-2.11633
-2.27785
-2.20531
-1.8344
-1.58902
-2.09712
-1.99893
-1.81582
-2.20368
-2.32171
-2.19717
-1.8795
-2.04767
-2.01325
-1.59793
-2.16946
-2.23728
-2.09777
-1.5009
-2.15144
-1.86298
-2.09164
-2.01272
-2.51234
-2.10187
-1.90316
-2.03074
-1.96585
-2.1014
-2.26023
-1.96325
-1.93315
-2.08799
-2.00821
-2.19734
-1.9877
-1.75548
-2.21899
-2.23815
-2.23223
-2.23871
-1.68744
-1.81991
-2.06003
-2.22415
-1.88803
-2.21712
-1.95082
-1.98577
-2.04673
-2.09227
-1.50272
-2.126
-1.74578
-2.00956
-2.09934
-2.14753
-2.11629
-1.93641
-1.66295
-2.37774
-2.0803
-1.69177
-1.94752
-2.26549
-2.25358
-2.05582
-1.33636
-1.95293
-2.03959
-1.99315
-1.94155
-2.27862
-2.17362
-2.09966
-2.24119
-2.35771
-1.8804
-1.79023
-2.01215
-1.7884
-2.07351
-1.34875
-2.18117
-1.71004
-1.96757
-1.8811
-2.23562
-1.95997
-2.26657
-2.03345
-1.62251
-1.90067
-2.69039
-1.71853
-1.81503
-2.1689
-2.14329
-1.61356
-2.10659
-1.6379
-1.89538
-1.89892
-1.73554
-2.15472
-1.98115
-2.15174
-2.12834
-2.15184
-2.17924
-2.12012
-2.07495
-2.07971
-2.37219
-1.88162
-1.84084
-1.78209
-1.97855
-1.95874
-2.06255
-2.04693
-1.93852
-2.00001
-2.2651
-2.05812
-1.89011
-1.45735
-2.05344
-2.20829
-2.0849
-1.99408
-2.0033
-2.20037
-2.09126
-2.10348
-1.84111
-2.16656
-1.82296
-2.15337
-2.16269
-2.23726
-2.206
-2.12312
-2.07487
-1.88532
-2.26521
-1.75038
-2.02647
-2.18998
-2.23323
-2.16033
-2.12132
-1.62952
-2.16648
-1.6161
-2.33467
-1.91158
-2.0922
-1.62724
-1.99881
-1.97454
-1.54978
-2.29
-2.29234
-1.9394
-1.7283
-1.64157
-1.80881
-2.05342
-1.93905
-1.79271
-2.0617
-2.13205
-1.69833
-2.15192
-2.43109
-1.76739
-2.05255
-2.11471
-2.16071
-1.93318
-1.91771
-2.09618
-2.13341
-1.9079
-1.85385
-2.33777
-2.17528
-2.28129
-1.81213
-1.97494
-2.16154
-2.15152
-1.88974
-2.04519
-1.71684
-2.22101
-1.76392
-2.30685
-2.17422
-1.97611
-2.05895
-2.25358
-1.61867
-2.31436
-2.10416
-1.76766
-1.95583
-1.63995
-2.10803
-1.87703
-2.61001
-2.03433
-2.10708
-1.99977
-1.8405
-1.56099
-1.8849
-1.87604
-1.84205
-2.15491
-2.17105
-1.89363
-1.94387
-2.13815
-2.53481
-1.68385
-2.05993
-1.94383
-2.27035
-2.14896
-2.20186
-2.24473
-1.89424
-1.91725
-1.91037
-2.26017
-1.79937
-1.62846
-2.30296
-2.10458
-2.04876
-1.70185
-1.84524
-2.08608
-1.83968
-1.91915
-2.28206
-1.93935
-2.10453
-2.00518
-1.79427
-2.13412
-2.34443
-1.81332
-1.91967
-1.95767
-2.06634
-2.00945
-2.38028
-1.83697
-1.65543
-2.10358
-1.76626
-1.64289
-1.54263
-1.7752
-1.84379
-2.20914
-2.29817
-1.92855
-2.29398
-2.0034
-1.81763
-1.95836
-1.9775
-2.22702
-1.67072
-2.13428
-1.74269
-2.07671
-1.97268
-2.26609
-2.34227
-2.40965
-2.24008
-2.34451
-1.87023
-1.85422
-1.79066
-2.2212
-2.16786
-2.02354
-2.15749
-1.90969
-1.89028
-2.28818
-1.78742
-1.68819
-1.85145
-1.9343
-2.30918
-1.91284
-1.57656
-2.10884
-2.5933
-1.7986
-1.87719
-2.14705
-2.07449
-1.81883
-1.90426
-2.18378
-1.91752
-1.90602
-2.25399
-2.01255
-1.95106
-1.94888
-1.9531
-2.03773
-1.88332
-1.83002
-1.83662
-2.12922
-2.48791
-2.37418
-1.90693
-2.14083
-1.79767
-1.94481
-2.00568
-2.16687
-2.35994
-1.75135
-1.92174
-1.75226
-2.15156
-2.0746
-2.11297
-2.1279
-1.95133
-1.88306
-1.92101
-1.95495
-2.19976
-1.93765
-2.21861
-2.22835
-1.93397
-2.07757
-1.46653
-2.07092
-2.06505
-2.13504
-2.24261
-1.90106
-2.13834
-1.96061
-2.08613
-1.78683
-1.52684
-2.21334
-1.83176
-1.79361
-1.77238
-2.05951
-2.26114
-1.99595
-1.86021
-2.3126
-2.2942
-2.09061
-1.66498
-1.52135
-1.87994
-1.69551
-1.84888
-1.94616
-1.992
-1.97791
-2.21951
-2.14063
-2.53315
-2.01844
-1.51385
-2.01763
-2.12588
-1.94757
-1.75783
-2.5014
-2.20717
-2.39992
-1.72005
-1.91208
-2.21738
-2.3498
-2.03343
-2.30389
-2.20871
-2.1268
-2.07545
-1.92147
-2.06017
-2.2634
-1.79895
-1.76417
-1.81823
-1.5735
-1.62445
-2.11546
-1.86476
-2.27563
-1.95809
-1.97967
-1.95153
-1.93075
-2.03422
-1.97736
-2.30211
-2.58401
-2.15977
-1.8887
-2.26939
-2.20728
-2.06548
-2.32329
-2.06207
-1.89743
-2.07859
-1.85788
-2.13068
-2.21367
-2.08584
-2.57429
-2.20367
-2.1258
-2.62886
-2.27367
-2.13193
-2.06088
-2.16677
-1.54928
-2.15883
-2.12851
-2.11783
-1.76985
-1.735
-2.02255
-1.61561
-1.7661
-2.22791
-1.90046
-2.27621
-2.22167
-2.16661
-1.80393
-1.87725
-2.33852
-1.85177
-2.46787
-1.83307
-1.77679
-1.91413
-1.90487
-2.08515
-1.71477
-1.56862
-2.07112
-2.26466
-1.67591
-1.9113
-2.00694
-2.02194
-1.97016
-1.86816
-1.85455
-1.69693
-2.28061
-2.26101
-1.81421
-1.93347
-1.60305
-1.93479
-2.19139
-2.1712
-1.93779
-1.82317
-2.00839
-1.97784
-2.0838
-2.21148
-2.16099
-2.11009
-1.89433
-2.12738
-1.98235
-1.81242
-2.00039
-1.86569
-1.90136
-2.0476
-2.06841
-2.10949
-1.69403
-2.33398
-1.92612
-2.14679
-2.20599
-1.88366
-1.81624
-1.76451
-1.57564
-2.12065
-2.04882
-1.86169
-1.82198
-2.10109
-1.92217
-1.75089
-2.10099
-1.89971
-2.42419
-2.62583
-1.83288
-2.27256
-2.11647
-2.4125
-2.17385
-1.88987
-1.77444
-2.21106
-1.67624
-2.13815
-2.47328
-2.0926
-2.3242
-1.76056
-2.1157
-1.58982
-2.20128
-2.16922
-1.79666
-2.15602
-2.19169
-1.90238
-2.31496
-2.1028
-1.74718
-1.73539
-1.82698
-2.24913
-2.0693
-1.91282
-2.13027
-1.91759
-2.08002
-1.96024
-2.12122
-1.9708
-2.06995
-2.03145
-2.35464
-2.01188
-1.89753
-2.24221
-1.91248
-2.1813
-2.12684
-2.24851
-2.02314
-2.0678
-2.23207
-2.03682
-1.79826
-2.14366
-2.3068
-2.05077
-2.33671
-2.10403
-2.1513
-2.34379
-1.64882
-2.12072
-1.4923
-1.7477
-1.90466
-2.15748
-2.02469
-1.73614
-2.00567
-1.79865
-1.94779
-2.09718
-2.10641
-1.89628
-2.30126
-1.75247
-1.89159
-2.29758
-2.20097
-1.97117
-2.46274
-2.23511
-1.84113
-2.11635
-1.8761
-1.95611
-2.09944
-2.04544
-2.12636
-2.35987
-2.07808
-1.83128
-2.16036
-2.20274
-1.92358
-1.95079
-2.02668
-2.21907
-2.2642
-1.73646
-2.27876
-1.98366
-1.99965
-2.36368
-2.0037
-2.01682
-1.71495
-1.91003
-1.95917
-1.78088
-2.0445
-2.28943
-1.63259
-2.23965
-2.01532
-1.7475
-1.90912
-2.02945
-1.98725
-2.08406
-2.27987
-2.12852
-2.20799
-1.86964
-1.8328
-2.07604
-2.11392
-1.88877
-1.89736
-2.04546
-1.91727
-1.7883
-1.90138
-2.19703
-2.11576
-1.92964
-1.71181
-1.71369
-2.10248
-2.40229
-2.0305
-1.77909
-1.73915
-1.85206
-2.06869
-1.9748
-1.8106
-1.67143
-2.18493
-2.05323
-1.83725
-2.23154
-1.54274
-2.15902
-2.18672
-2.01314
-2.2413
-1.76609
-2.05325
-1.91367
-1.82296
-2.15282
-2.04545
-1.88475
-1.90841
-2.2735
-1.96886
-1.90996
-2.18857
-1.97916
-1.99305
-2.10716
-2.00186
-2.17855
-1.62212
-2.24346
-2.14986
-2.08955
-2.04197
-1.99767
-1.88681
-1.87288
-2.2142
-1.8076
-2.21693
-2.0942
-1.92718
-1.79071
-1.55279
-1.83638
-2.29286
-1.96239
-1.62151
-2.16957
-1.97398
-2.26217
-1.62751
-1.8829
-1.71642
-1.74779
-2.18034
-2.077
-1.99629
-1.94397
-1.95124
-2.16351
-2.0958
-1.949
-1.84746
-1.77576
-1.86959
-1.88495
-2.13832
-2.00842
-2.49512
-1.86627
-1.94868
-1.95069
-1.84865
-2.006
-2.48606
-2.05122
-2.23748
-2.10236
-1.87779
-1.8451
-2.03163
-2.02532
-1.87917
-1.62364
-2.12192
-1.87502
-1.88303
-2.36753
-1.97136
-2.03261
-1.95718
-2.29788
-1.79739
-1.92598
-1.73374
-1.79989
-1.78838
-1.90219
-2.09384
-2.16382
-2.07787
-2.09166
-2.1867
-2.04056
-1.85005
-2.12943
-1.80343
-1.97582
-2.13948
-2.20405
-1.87456
-2.27768
-1.73141
-2.09504
-2.11144
-1.88968
-1.30785
-2.16978
-1.87915
-1.81103
-1.70908
-2.14234
-2.14346
-1.95397
-2.0757
-1.77157
-1.97733
-2.00341
-2.30438
-1.89243
-1.8807
-1.74442
-2.40241
-1.87183
-1.9155
-1.48131
-1.88089
-1.82482
-2.12962
-2.06618
-1.9961
-2.08011
-2.03462
-1.84815
-1.70673
-1.50685
-2.10825
-2.11691
-2.27794
-1.61574
-2.14435
-1.83949
-1.85786
-2.28418
-1.71215
-2.1231
-1.51828
-2.28878
-1.70726
-1.70468
-2.14234
-1.64708
-2.1396
-1.91867
-1.88887
-2.16576
-1.95838
-1.84183
-1.87039
-2.16041
-1.84534
-1.82385
-2.21674
-1.96758
-2.10292
-2.09842
-1.8992
-2.07185
-1.92716
-1.74485
-1.90238
-2.08831
-1.75122
-1.97195
-2.32054
-2.00114
-2.18828
-1.84723
-1.88948
-1.90888
-1.98083
-2.21222
-2.05435
-2.60458
-2.1111
-2.0096
-1.87057
-1.68722
-2.12666
-1.80147
-2.36934
-1.89649
-1.78117
-2.33462
-2.32035
-2.09446
-2.03376
-1.7214
-2.04951
-1.93798
-1.58011
-1.87215
-2.2594
-1.85807
-1.78152
-2.15046
-2.1492
-1.87764
-2.12133
-1.91047
-2.23117
-1.97621
-2.12835
-2.28805
-1.96062
-1.97576
-2.20916
-1.7738
-1.99843
-1.71155
-2.29888
-1.66903
-1.86982
-2.10774
-2.06146
-2.15546
-1.90214
-2.14901
-2.00583
-1.89452
-2.13484
-2.00483
-1.9492
-2.155
-2.39646
-2.01765
-1.92667
-1.79549
-1.87908
-1.90044
-1.63768
-1.56547
-1.7632
-1.77277
-2.00933
-2.31278
-2.17843
-1.83289
-1.9451
-2.12961
-2.33112
-2.41775
-2.01689
-1.80596
-2.17071
-2.08741
-1.62893
-1.83963
-2.02731
-2.00062
-1.94143
-1.76244
-1.81967
-1.50304
-2.23285
-2.05978
-1.7174
-2.23297
-2.23862
-2.11895
-1.95128
-1.87332
-1.76569
-2.04345
-1.93041
-2.00392
-2.33719
-2.09674
-1.7205
-1.97757
-2.35021
-1.82793
-2.41767
-1.74836
-2.11277
-2.06338
-2.24618
-2.37915
-1.90943
-2.2032
-1.90258
-1.83711
-2.04965
-1.7644
-1.84015
-2.26472
-2.06838
-1.99489
-1.99754
-2.29427
-1.83174
-2.25541
-2.29204
-1.67449
-2.47086
-1.85599
-2.28313
-2.10267
-1.86501
-2.22066
-1.9741
-1.85551
-1.92516
-2.47488
-2.15936
-1.73426
-2.49129
-1.54099
-1.83887
-2.15794
-2.15393
-2.50224
-1.936
-1.91389
-1.82796
-1.86717
-2.17732
-1.92176
-2.04296
-1.82593
-1.68369
-1.98556
-1.90459
-2.17771
-2.1481
-2.39339
-2.0822
-1.98822
-1.89295
-2.10869
-1.66738
-1.57649
-1.97702
-1.7958
-2.03417
-2.11349
-2.04794
-2.25383
-2.08017
-1.96479
-1.78394
-2.22758
-2.001
-1.89954
-2.22696
-1.95935
-2.05221
-2.02975
-1.91246
-2.04435
-2.10934
-2.17899
-1.54751
-1.72837
-1.9801
-2.2946
-2.23715
-1.99704
-2.08301
-1.68071
-2.12136
-2.11195
-1.63961
-1.85195
-2.14556
-1.87495
-1.95276
-2.14952
-1.76272
-1.814
-2.00697
-2.10216
-2.34422
-2.20508
-2.18292
-2.094
-1.95829
-1.54324
-2.1635
-1.88373
-1.62863
-2.1891
-1.76492
-1.94195
-2.36842
-2.17979
-1.99522
-1.94822
-2.24332
-2.02999
-1.88701
-1.79304
-2.00947
-2.19621
-2.27915
-2.00116
-1.70597
-1.73171
-1.97281
-2.40407
-2.06168
-2.07871
-2.01721
-2.273
-2.027
-1.69443
-1.76655
-1.8664
-2.13758
-2.02986
-2.12622
-2.13127
-1.90933
-2.22199
-1.9242
-2.02653
-2.36026
-2.23468
-1.849
-1.75574
-2.07655
-1.97514
-2.04338
-2.30586
-2.26707
-1.88657
-1.97973
-1.97242
-1.83144
-1.98457
-2.13965
-2.1157
-1.84224
-1.97809
-2.08691
-2.16607
-1.84429
-1.96598
-1.9736
-1.87585
-2.42981
-1.88114
-2.16268
-2.15848
-1.79785
-1.77297
-1.76947
-1.95502
-2.18361
-2.18238
-1.76078
-1.87234
-1.74104
-2.14073
-1.95341
-2.45551
-2.53513
-1.99895
-1.94787
-2.21362
-2.30562
-2.00182
-1.76952
-1.89122
-1.89736
-2.33568
-1.95331
-1.97129
-2.0855
-1.92156
-2.0237
-2.09545
-2.09746
-1.80008
-2.09534
-1.80061
-1.80822
-1.93566
-2.21004
-2.44507
-1.93579
-2.38773
-2.029
-1.82362
-2.26546
-2.13027
-1.832
-2.21157
-2.03261
-1.99538
-1.62492
-2.01837
-1.97723
-1.97911
-2.31901
-1.99062
-1.73293
-1.90275
-2.02091
-1.75112
-2.09652
-2.20144
-1.89392
-1.92122
-2.31208
-1.82362
-2.15159
-2.07303
-2.39401
-1.69304
-2.01308
-1.79279
-1.88961
-2.21639
-1.96137
-2.23258
-2.23117
-2.0401
-2.09463
-2.26649
-2.20343
-1.93757
-2.17304
-2.40825
-2.11653
-2.00562
-1.70809
-2.00485
-1.96279
-1.87198
-2.11826
-2.21888
-2.05718
-2.53213
-1.91762
-1.66622
-1.90517
-2.34663
-1.94607
-1.76961
-2.39849
-2.21731
-1.76145
-1.8496
-2.07567
-2.05937
-1.62343
-2.21836
-1.95073
-2.20779
-2.05705
-2.1556
-1.98335
-1.97254
-2.15504
-2.16276
-2.17525
-2.33417
-2.03927
-2.314
-1.79666
-2.15418
-2.0005
-2.14692
-1.77134
-2.15277
-2.22404
-2.35483
-2.38745
-2.15794
-2.26801
-2.11143
-1.6515
-1.71437
-1.82032
-2.04957
-1.97213
-1.77903
-1.93751
-2.10714
-2.02744
-1.76687
-2.04588
-1.68517
-1.80036
-2.07902
-1.72348
-2.29729
-2.06875
-2.08308
-2.21645
-2.22849
-2.14345
-2.1903
-2.11421
-2.30417
-2.0506
-1.51963
-2.00453
-1.95465
-1.6967
-2.03912
-1.96147
-2.2426
-1.94239
-2.01876
-2.00865
-2.10834
-2.2219
-1.97246
-1.9424
-2.22983
-1.68732
-1.90756
-2.20997
-1.92152
-1.71344
-1.79869
-2.2012
-1.97088
-1.57211
-1.79288
-2.04197
-2.00095
-1.91623
-2.17565
-2.04827
-2.31731
-1.86221
-1.79078
-1.88872
-2.22499
-1.59941
-1.87243
-2.35262
-1.87505
-1.92104
-1.92306
-1.81255
-2.38558
-2.01588
-1.86413
-1.8707
-1.98693
-1.56566
-1.82551
-1.8678
-2.0366
-1.9923
-2.15949
-1.85909
-1.81061
-2.27555
-2.56473
-2.24108
-2.02026
-1.74648
-1.92744
-1.94536
-1.82982
-1.69842
-2.26754
-2.1527
-1.6677
-2.24612
-2.18859
-1.74857
-1.77786
-1.98741
-2.36369
-1.79283
-2.06273
-2.02345
-2.02758
-1.96664
-2.27422
-2.18523
-1.89004
-2.01075
-2.09197
-2.31189
-1.77807
-2.15145
-1.92155
-2.16368
-1.60058
-1.98369
-1.86679
-2.21493
-2.30779
-2.00313
-1.78564
-2.18009
-2.15137
-2.51209
-1.79674
-1.81883
-2.50445
-1.81039
-1.74338
-2.44361
-1.70024
-2.31159
-1.94865
-2.01344
-2.06493
-1.51502
-2.20319
-1.8318
-2.03374
-1.61678
-1.85671
-1.98524
-1.96328
-2.23985
-2.50679
-1.9586
-2.19419
-1.99801
-1.82715
-1.6338
-1.9238
-1.5057
-2.23975
-1.81666
-1.74579
-2.30124
-2.06497
-1.93222
-2.01554
-2.35325
-2.3784
-2.42618
-2.04474
-2.33772
-1.8269
-1.74021
-2.09678
-1.76045
-2.2619
-1.85046
-2.21314
-2.58299
-1.63105
-2.06798
-1.94005
-1.64517
-1.70147
-2.0878
-2.15963
-2.03558
-2.18412
-2.0979
-2.04806
-1.91305
-2.34564
-1.98357
-1.91602
-1.86728
-2.09127
-1.92957
-2.21908
-2.11394
-1.96293
-2.01257
-2.03542
-1.92981
-1.78203
-2.03297
-1.91637
-1.91116
-2.22077
-1.91687
-1.88678
-1.94261
-1.88048
-1.68763
-1.95267
-2.13138
-2.17453
-1.75698
-1.73903
-1.79583
-1.78103
-2.3994
-1.96929
-1.9521
-2.20224
-2.30191
-1.89373
-1.6556
-2.08686
-1.91567
-1.73138
-2.13231
-2.13314
-1.85703
-2.22152
-1.82375
-2.08194
-1.82594
-1.95974
-1.95076
-1.95581
-1.71185
-2.00072
-2.00342
-1.69808
-2.12818
-2.33684
-1.86805
-2.44335
-1.76929
-1.96673
-2.0608
-1.7263
-1.9095
-2.00354
-1.99851
-2.33611
-1.45887
-2.21739
-2.29165
-2.17483
-2.14331
-1.88714
-1.91037
-1.81024
-2.11779
-2.42039
-2.18466
-1.61749
-2.24171
-1.98611
-1.9477
-2.24577
-2.05277
-1.58458
-2.1545
-2.13868
-1.84062
-2.10083
-1.79382
-2.35786
-1.55292
-1.87849
-1.99416
-2.20921
-2.13655
-2.28229
-1.96767
-2.16767
-1.85879
-1.76235
-1.70822
-2.17606
-1.99146
-1.90792
-2.02827
-1.8395
-2.18828
-1.89075
-1.83959
-2.00866
-1.87274
-1.85613
-2.11069
-1.80522
-2.13717
-2.02973
-2.04521
-2.00601
-1.67035
-2.12365
-2.1391
-1.71844
-2.15403
-1.97126
-2.3353
-2.09118
-2.00313
-2.29647
-2.3035
-1.56531
-2.05621
-1.83014
-1.99944
-1.73012
-1.92312
-1.93753
-2.39237
-2.34149
-2.1075
-2.16476
-2.0914
-1.89246
-2.05046
-2.08027
-1.64398
-2.10217
-1.71123
-2.06903
-1.97328
-2.01585
-2.20789
-2.32822
-2.17938
-1.52479
-2.04453
-2.00725
-2.135
-2.27694
-1.8241
-2.02019
-2.01775
-2.11653
-1.7313
-2.41773
-1.53098
-1.72876
-2.19134
-2.23423
-2.08956
-2.01991
-2.1002
-1.94721
-2.00722
-1.89292
-1.87678
-1.85768
-1.66377
-2.08314
-1.95798
-1.9099
-1.64808
-1.74704
-1.84082
-2.01438
-2.10374
-2.07583
-1.66211
-1.99948
-2.03191
-1.99256
-2.03614
-1.85723
-2.09813
-1.95828
-1.84542
-1.89162
-2.25484
-1.86312
-1.77944
-2.38307
-1.88186
-2.35886
-1.9616
-1.74491
-1.61344
-1.99357
-2.02508
-2.24666
-2.07943
-1.88073
-2.06672
-1.86527
-2.17667
-1.98178
-1.89729
-2.26588
-1.5384
-1.70133
-1.78405
-2.25901
-2.35553
-2.48745
-2.30766
-2.07229
-2.00855
-2.01062
-1.78018
-2.18338
-2.2712
-2.07058
-2.16149
-1.77576
-2.06024
-2.02598
-1.94542
-1.97105
-2.21589
-2.06798
-1.98503
-1.58936
-1.90133
-1.92846
-2.02165
-2.1583
-1.81966
-2.26552
-2.38457
-1.64411
-1.7674
-1.86411
-2.18542
-2.06991
-1.63449
-1.75434
-1.96726
-1.78029
-2.39642
-2.05042
-1.91403
-2.09034
-1.79687
-1.6579
-2.18241
-1.56201
-1.93347
-1.72436
-2.0487
-1.64038
-2.03002
-2.0452
-2.02526
-2.04553
-2.01578
-1.67791
-2.30228
-2.0132
-2.15655
-1.83907
-2.08159
-1.82815
-1.70471
-2.1858
-2.23773
-1.95297
-1.89082
-2.06538
-1.9749
-2.02589
-2.15465
-2.25562
-2.06328
-1.97544
-1.65158
-2.07873
-1.77972
-2.20899
-1.83266
-2.02305
-2.1621
-2.24289
-2.3851
-2.19518
-1.83
-1.59618
-2.01089
-1.9198
-2.1562
-2.09347
-2.35498
-1.77951
-1.87105
-1.88455
-1.86755
-1.93907
-2.28532
-2.26796
-1.63855
-2.1857
-2.47571
-2.09349
-2.10247
-1.75596
-1.7539
-2.33627
-1.92592
-2.35146
-2.24419
-2.27173
-2.02848
-1.99702
-1.88736
-2.0789
-2.2064
-1.84225
-2.1216
-2.4015
-2.19148
-2.12706
-2.29652
-1.95766
-2.28852
-2.33848
-1.76503
-1.67726
-1.77906
-2.03768
-2.05925
-1.80719
-2.23791
-2.41959
-1.94886
-2.19343
-1.98509
-2.07795
-2.21486
-2.03813
-1.63479
-1.46925
-2.28061
-2.1854
-2.02519
-1.94987
-1.99529
-1.92185
-1.77354
-2.47612
-2.30511
-1.9416
-1.87598
-2.13544
-2.02244
-2.06643
-1.88429
-1.85342
-1.44979
-2.22223
-2.21068
-1.92319
-1.96098
-1.61982
-1.91912
-1.90621
-2.23785
-2.02887
-1.91998
-1.84378
-2.06366
-1.94532
-2.06356
-2.39758
-1.66648
-1.93288
-1.70019
-2.06935
-2.20132
-2.10281
-2.37358
-1.83812
-2.11364
-1.5921
-1.93167
-1.84804
-1.57493
-2.27554
-1.8952
-2.06555
-1.88589
-2.04034
-2.00643
-2.26352
-2.1276
-2.08078
-1.81807
-2.10835
-2.11452
-1.83721
-2.21507
-2.0702
-1.98662
-1.82378
-2.42307
-1.8051
-1.91176
-1.87121
-2.1215
-2.00565
-1.7998
-1.78282
-1.95088
-2.0197
-1.96811
-2.12349
-2.07156
-2.1928
-2.26539
-2.01546
-2.10858
-2.00367
-1.91879
-2.08978
-1.81728
-1.76227
-1.79704
-1.98506
-1.94055
-1.6895
-1.76059
-2.29874
-1.83253
-2.17788
-2.15008
-1.93116
-2.25221
-2.01881
-1.9521
-1.63701
-1.80455
-2.10456
-1.9259
-2.13648
-1.82122
-2.20125
-1.73359
-2.14716
-2.29497
-2.17907
-1.74568
-2.15545
-2.24159
-1.84432
-2.12957
-2.43535
-1.66193
-2.00317
-2.24609
-1.73004
-1.82685
-1.75249
-1.88981
-2.19417
-1.94085
-2.28666
-2.28656
-1.8945
-2.08977
-2.52972
-1.82841
-2.22539
-2.0659
-1.86446
-2.01446
-2.06614
-2.34108
-1.85691
-1.96827
-2.04739
-1.6435
-2.35338
-2.12731
-1.70631
-1.90841
-2.09401
-2.14793
-1.96166
-2.17654
-1.71812
-1.85232
-2.1458
-1.91117
-1.60252
-2.02063
-1.95936
-2.00666
-1.94962
-1.97474
-1.90392
-2.30871
-1.76321
-1.894
-2.32041
-2.1942
-2.12356
-1.76167
-2.35331
-2.3703
-2.17647
-2.00379
-1.71229
-2.29424
-1.796
-2.31902
-2.18136
-1.56042
-2.17943
-1.89122
-1.99707
-1.51603
-1.58455
-1.78704
-2.03997
-1.99398
-1.88669
-2.08304
-1.51701
-2.21499
-2.21241
-2.04921
-2.10914
-2.01694
-2.30397
-1.99516
-1.92708
-1.65466
-2.09239
-1.8609
-2.00423
-1.88283
-1.72468
-2.10797
-1.84452
-2.11576
-1.95309
-1.67415
-1.95332
-2.12856
-2.08283
-2.20001
-1.79794
-2.08187
-1.67187
-2.31324
-2.16225
-2.13978
-2.07293
-2.09931
-1.98815
-2.39551
-1.96199
-1.86859
-1.82142
-2.16279
-2.29219
-2.09192
-1.82292
-1.93298
-2.25862
-2.08079
-1.7489
-2.33668
-2.17022
-1.95923
-1.72309
-2.12783
-2.17698
-2.05146
-1.7689
-1.75949
-2.51935
-1.98469
-1.80499
-2.10742
-2.0087
-2.21332
-1.88546
-1.92041
-2.35671
-1.93061
-2.03627
-2.41443
-2.12105
-2.28939
-2.35459
-2.27181
-2.59564
-1.78926
-1.67142
-2.0574
-1.91626
-1.9152
-2.09547
-1.89656
-1.8929
-2.08085
-2.03406
-2.02803
-1.90304
-1.93695
-1.59208
-1.77534
-2.0009
-2.12307
-1.83269
-1.92425
-2.13791
-1.97706
-2.36184
-2.01024
-1.77242
-2.07645
-2.18126
-1.99711
-1.75323
-1.86779
-1.97485
-2.15425
-2.33097
-1.7888
-1.9252
-2.38337
-1.89016
-1.81461
-2.04656
-2.15092
-2.0039
-1.68757
-1.81902
-1.97932
-1.73621
-1.79793
-1.66463
-2.17578
-2.1206
-1.94707
-1.92565
-1.51637
-1.57558
-2.02838
-1.89207
-1.87836
-2.20432
-2.21294
-1.8918
-1.79424
-2.04612
-2.0095
-1.86471
-2.02649
-2.39543
-2.11426
-2.31461
-1.69402
-1.97795
-1.9873
-1.75933
-1.80907
-1.81255
-2.56902
-2.17919
-2.20379
-2.09249
-2.02537
-1.84605
-2.05745
-2.10688
-2.09386
-1.91467
-1.895
-2.04327
-1.93929
-1.68946
-1.92344
-1.92184
-2.12211
-2.02072
-1.84937
-1.75899
-2.09169
-1.98974
-2.06736
-1.96339
-2.0782
-1.99869
-1.92705
-2.0956
-2.40813
-1.85526
-2.13979
-1.94227
-2.27666
-1.7781
-1.83908
-2.19345
-1.93909
-2.11926
-1.963
-1.82219
-2.00124
-2.14375
-1.87684
-1.58278
-2.06193
-1.83916
-2.13555
-2.05599
-1.74458
-2.23821
-1.98755
-1.76599
-2.39087
-1.72811
-1.92859
-2.10276
-1.76567
-1.86236
-1.7916
-2.24659
-2.13855
-2.11496
-1.84746
-2.07727
-1.98066
-1.9267
-1.97564
-2.70372
-2.21561
-1.58974
-2.18733
-1.86203
-1.79178
-1.72705
-2.3404
-1.88984
-2.10942
-1.52086
-2.18525
-1.40256
-2.15024
-2.03262
-1.84059
-2.07661
-2.30575
-1.94818
-2.39902
-2.17887
-1.71113
-2.24925
-1.83461
-2.19874
-2.42953
-1.88406
-2.14898
-2.1929
-2.14855
-2.19883
-1.84795
-1.94952
-1.74243
-1.62312
-2.50535
-1.95327
-1.88106
-2.03167
-1.72338
-2.16925
-2.32404
-2.22471
-1.95165
-2.43058
-2.12584
-2.03357
-2.10189
-2.17492
-2.01782
-1.88138
-2.53223
-2.34119
-2.15724
-2.21858
-1.77796
-2.23055
-1.94435
-2.24141
-2.25712
-1.98482
-2.13539
-1.98449
-1.90765
-1.60202
-2.00886
-2.0956
-2.32038
-2.13492
-2.21563
-2.48236
-2.09989
-2.14579
-2.24996
-1.68913
-2.12271
-2.02387
-2.0781
-2.13017
-1.97678
-2.05114
-1.85507
-1.71857
-1.9062
-1.96658
-2.11125
-1.71202
-2.02203
-1.90645
-1.64923
-1.85737
-1.95228
-1.53088
-2.11507
-1.81025
-2.3775
-2.31477
-2.38426
-2.22077
-1.64952
-2.06282
-2.30036
-1.761
-2.13285
-1.83805
-1.91276
-2.27738
-1.98743
-1.72509
-2.18791
-1.96086
-1.92624
-1.882
-1.94003
-2.01193
-1.71289
-2.11749
-2.16357
-1.83684
-2.06819
-1.49547
-1.84926
-2.08329
-2.2329
-1.71958
-2.32274
-2.13375
-1.97724
-1.49843
-1.97144
-2.0312
-1.62073
-2.43908
-2.0108
-2.48699
-2.23346
-1.99261
-2.19136
-2.25249
-2.04806
-1.53948
-1.63518
-2.06519
-1.94335
-1.99204
-2.19129
-1.9442
-2.18627
-2.21416
-1.69547
-1.60707
-2.15205
-2.05055
-2.32308
-2.05646
-2.0595
-2.03659
-2.13808
-1.93393
-1.96114
-1.96624
-1.95404
-1.84614
-2.11101
-1.94773
-2.28598
-1.99696
-2.17837
-2.14648
-1.89532
-1.89103
-1.96105
-1.89628
-1.99393
-2.31955
-2.30802
-2.55856
-2.18474
-2.16551
-2.37821
-1.80908
-1.99575
-1.83235
-2.1336
-2.00674
-1.67483
-1.71019
-2.1435
-1.95572
-1.87596
-1.7009
-2.13027
-1.98739
-1.85487
-2.1463
-2.09935
-1.84255
-2.11831
-2.07356
-2.39845
-2.11602
-1.83929
-2.07652
-1.87241
-1.72427
-2.06351
-2.08666
-1.73779
-1.76378
-2.4567
-1.73536
-2.03872
-2.02277
-2.44771
-1.97193
-1.90442
-2.07131
-1.85763
-2.26814
-2.09292
-1.95885
-2.27328
-2.04681
-1.93124
-1.66107
-2.12816
-1.86524
-1.62411
-2.01277
-1.80985
-1.84995
-1.97571
-2.00107
-2.10247
-2.09031
-2.07379
-2.07373
-1.68942
-1.70426
-2.18738
-2.07358
-1.65844
-1.49108
-2.09396
-2.07419
-1.58027
-1.92609
-1.99788
-1.57452
-1.74361
-2.00864
-2.12707
-1.70522
-1.9823
-1.83905
-1.95188
-1.83895
-2.54501
-1.67955
-1.66235
-2.07373
-2.2325
-1.83061
-1.82994
-1.49908
-1.90204
-1.81735
-2.17054
-1.51845
-1.88239
-2.32629
-1.96332
-1.94744
-2.38158
-2.14828
-2.30878
-1.72434
-2.06484
-2.00543
-1.94668
-1.90531
-2.08576
-2.15428
-2.08125
-2.30547
-1.93434
-2.18975
-1.76976
-2.33137
-2.47369
-1.86248
-2.03052
-1.80946
-2.0523
-2.06329
-2.16181
-1.9873
-2.18169
-1.59047
-1.79712
-2.40211
-2.12447
-1.84357
-2.10499
-2.18132
-2.07636
-1.65538
-1.9558
-2.34493
-1.99375
-1.71223
-1.89159
-2.03505
-2.19101
-2.0482
-2.02728
-1.93225
-2.23258
-1.96968
-1.70424
-2.10511
-2.07985
-1.65279
-2.13871
-2.12416
-2.38328
-1.91849
-2.0081
-2.25086
-1.89182
-1.71083
-2.1045
-2.01194
-2.16508
-1.87643
-1.93201
-2.04724
-2.09587
-1.92064
-1.95091
-2.08058
-2.4414
-1.84765
-1.7895
-1.96196
-2.18716
-1.9047
-1.79553
-1.96985
-1.79136
-1.73554
-2.18142
-2.042
-2.00882
-2.06472
-1.66614
-1.9809
-2.33537
-1.4859
-2.48357
-1.77255
-1.97997
-1.9878
-1.92511
-1.77481
-2.08823
-2.17092
-1.78647
-2.39989
-1.97488
-1.86494
-1.92617
-2.00867
-2.22368
-2.12941
-2.02178
-1.99065
-1.95586
-2.14464
-1.83127
-1.98145
-2.09401
-1.48869
-2.11734
-1.96873
-1.96873
-1.87315
-2.2378
-2.20767
-2.13181
-2.00602
-1.86994
-1.96515
-1.94786
-1.77899
-2.10821
-1.5938
-1.89521
-1.89902
-2.09672
-2.1345
-1.7391
-2.12032
-1.9845
-1.77933
-2.16395
-2.20338
-1.94972
-2.03031
-1.79529
-1.65071
-1.94354
-2.25913
-1.9823
-1.99956
-1.81392
-1.9878
-2.22715
-1.71678
-2.09919
-2.38097
-2.07271
-2.01295
-1.81321
-2.09017
-2.17082
-2.35735
-1.92424
-2.02935
-2.0522
-2.13574
-2.12944
-1.61017
-1.84485
-1.93054
-2.01857
-2.20433
-2.09278
-1.62285
-2.20185
-1.86885
-1.82903
-1.90532
-2.27162
-1.78151
-2.06703
-1.94558
-2.11301
-1.90413
-2.09419
-1.93324
-2.22265
-1.94702
-1.87236
-1.57972
-2.28296
-2.26491
-2.35406
-2.00015
-1.59376
-1.82168
-1.81513
-1.86806
-2.16957
-1.69323
-1.75515
-1.85873
-1.78721
-1.81134
-2.30738
-1.95794
-2.05607
-1.9806
-2.25346
-1.76607
-2.07909
-1.96305
-1.79591
-2.27306
-2.33859
-2.1738
-2.05507
-2.04985
-1.81495
-1.55334
-1.85872
-2.05674
-1.79852
-2.0065
-2.32526
-1.86332
-2.27833
-1.74658
-2.04946
-2.3466
-1.99606
-1.65444
-2.06303
-2.20615
-2.33819
-2.44177
-2.09913
-2.04068
-1.96264
-2.08139
-2.22159
-1.7272
-2.12269
-2.01872
-2.08873
-2.09182
-2.05281
-1.91855
-1.86894
-2.20788
-2.26516
-2.43901
-2.30387
-1.90337
-1.56645
-2.20698
-1.73163
-2.26456
-2.25619
-2.34071
-2.41762
-1.7525
-2.17084
-1.8535
-1.92568
-1.66014
-2.11466
-2.10177
-1.94246
-2.18945
-2.32646
-1.87449
-1.97098
-1.976
-2.05439
-2.45547
-2.14757
-2.18121
-2.02368
-1.91389
-1.63202
-1.69474
-2.10069
-2.09165
-1.84227
-1.84787
-2.05146
-2.00354
-2.0792
-1.9372
-1.95558
-1.89135
-2.04012
-1.86516
-1.82814
-1.87595
-1.99908
-1.95537
-1.68593
-1.94587
-1.82502
-2.16913
-2.06274
-1.94893
-1.58055
-2.14304
-2.50547
-1.70196
-2.20004
-2.1411
-1.96061
-2.19745
-1.7848
-1.48291
-2.07061
-2.1682
-1.81702
-1.56131
-2.29441
-2.21408
-1.98066
-2.07462
-1.87817
-1.72756
-1.8819
-2.1261
-2.27597
-2.42784
-1.98402
-1.63265
-1.75922
-2.16723
-1.512
-2.29056
-2.12717
-1.66903
-1.86655
-1.78192
-1.76781
-2.16019
-2.00576
-1.76741
-2.31913
-2.03449
-1.75295
-1.89065
-1.94244
-2.03945
-2.10403
-2.08213
-1.99478
-1.75952
-1.96218
-1.93202
-2.23295
-1.85416
-1.98533
-2.33518
-2.01672
-2.07181
-2.26727
-1.89
-2.23653
-2.10735
-2.11395
-1.60626
-1.94685
-2.1611
-1.48535
-2.27594
-2.17582
-1.88899
-2.00432
-2.19849
-2.26288
-1.83824
-2.1239
-1.8732
-2.16883
-2.27168
-1.97266
-1.75791
-2.04439
-2.31118
-1.7926
-1.79276
-2.16038
-2.20626
-1.84173
-2.15284
-1.72017
-1.80558
-1.85087
-1.43466
-2.13674
-2.0456
-2.09345
-1.53136
-2.12261
-1.92266
-2.13986
-1.85373
-1.92028
-2.27705
-1.9149
-1.58296
-2.07312
-1.95623
-1.96799
-2.11359
-2.13996
-2.04953
-2.01186
-2.03415
-1.86838
-1.91658
-1.84536
-1.85097
-1.82725
-1.99829
-1.90757
-1.90258
-2.18019
-1.78943
-1.82312
-2.10143
-2.08597
-2.00159
-1.77081
-1.6969
-1.79328
-2.02543
-2.11408
-1.79441
-1.73777
-1.88457
-2.1665
-1.50302
-1.99904
-1.78312
-2.01728
-1.76191
-2.18526
-1.9665
-1.88179
-2.23685
-1.69364
-1.98388
-1.86962
-2.08737
-1.92953
-1.96644
-2.05357
-2.2531
-1.9001
-2.34223
-2.33382
-2.50904
-1.87959
-2.03987
-2.02224
-2.39743
-1.87345
-1.87706
-1.96486
-1.92626
-2.07575
-2.35783
-1.81512
-2.06669
-2.15964
-2.25099
-2.14592
-2.33689
-1.83552
-2.02194
-1.88929
-1.64848
-2.26808
-2.02918
-1.89242
-1.95549
-1.96314
-1.73192
-2.32253
-2.11497
-2.03438
-2.56909
-2.43574
-1.61225
-2.36639
-2.26166
-2.04018
-1.94842
-1.71895
-1.63655
-2.17542
-2.03886
-2.12431
-2.03559
-1.86107
-1.99994
-2.00458
-1.90295
-2.31632
-1.83353
-1.96304
-2.08525
-2.05362
-2.16465
-1.88597
-2.11831
-2.38142
-1.92721
-2.12213
-2.10759
-1.78685
-2.34529
-2.25353
-2.14682
-1.86193
-1.85896
-1.97464
-1.58296
-1.92759
-1.73773
-1.92625
-2.10895
-1.58206
-1.92313
-1.94593
-2.25159
-2.22195
-1.80828
-2.12204
-2.16866
-2.00746
-2.19245
-2.27312
-1.72281
-2.25397
-2.12925
-2.05071
-2.34969
-2.0881
-1.97828
-2.06098
-1.96392
-1.90438
-1.95992
-1.56611
-1.85371
-2.07712
-1.69141
-1.70227
-1.97394
-1.93935
-1.99463
-1.97356
-2.33235
-2.21971
-2.1508
-2.25542
-2.07344
-2.10208
-1.65044
-1.85123
-1.86164
-2.39959
-2.09285
-1.95434
-2.21979
-2.08795
-1.46249
-2.09186
-2.16756
-2.18862
-1.83127
-2.15813
-2.27635
-1.53155
-1.74481
-1.77108
-1.68479
-2.26292
-2.06846
-2.02421
-1.82799
-1.92925
-2.08942
-1.86087
-1.93426
-2.1628
-2.05323
-1.91129
-1.96255
-2.15564
-1.84023
-1.97127
-1.96001
-1.80955
-1.87807
-2.07692
-2.09189
-1.93432
-2.09375
-2.05884
-2.0212
-2.05905
-1.76038
-2.34189
-2.08114
-2.04905
-1.72602
-2.16105
-1.80185
-2.41895
-1.6581
-1.92334
-2.19598
-2.2162
-2.02403
-2.02893
-1.68747
-2.0772
-2.2695
-2.25059
-1.99677
-2.25461
-1.97969
-2.2351
-1.65688
-1.80175
-1.89743
-1.63575
-1.9462
-1.78828
-1.96013
-2.25229
-2.09155
-2.07929
-1.89276
-1.8649
-1.72161
-2.0283
-2.14305
-1.66152
-2.14116
-2.21527
-1.90398
-1.99886
-1.60259
-1.71574
-1.83707
-1.6252
-1.7256
-1.85781
-1.73239
-2.08766
-2.3709
-2.02153
-2.32281
-2.0284
-1.57292
-2.01427
-1.65188
-1.54002
-1.8115
-1.81844
-1.88124
-2.22375
-1.89726
-2.04621
-1.99511
-1.5374
-2.09945
-1.94585
-1.99084
-1.84948
-2.64299
-1.71895
-1.88483
-2.00088
-1.38367
-2.04715
-2.06157
-2.24949
-2.0305
-2.32706
-2.21831
-2.1786
-1.75848
-1.96121
-1.87937
-1.91589
-2.03588
-1.96279
-2.04184
-2.17857
-1.80215
-1.83636
-1.8956
-1.92992
-1.94333
-1.77137
-1.84452
-1.65168
-1.83786
-2.00422
-1.94966
-2.03519
-1.81175
-2.13838
-1.92846
-1.78995
-2.18334
-2.16192
-1.60494
-1.95951
-2.25983
-1.99095
-2.13677
-1.87881
-1.94896
-1.72122
-1.98816
-2.0574
-2.05111
-1.69451
-1.59846
-1.99621
-2.08894
-2.03421
-1.66777
-1.84851
-2.02501
-1.95558
-2.51048
-2.09067
-2.29956
-1.94074
-1.8778
-1.86338
-2.24222
-2.26505
-2.20775
-1.6745
-1.76542
-1.86737
-2.18897
-1.82254
-2.40598
-1.41074
-2.04721
-1.77483
-1.70196
-1.6992
-2.11354
-2.08033
-1.88136
-2.10533
-2.06098
-2.09798
-2.54198
-2.08199
-2.3416
-1.79109
-2.28126
-2.32357
-1.84367
-1.62473
-2.03942
-2.03762
-1.65832
-2.12005
-2.14684
-2.15676
-2.10244
-2.5332
-1.83869
-2.07399
-2.07723
-2.08497
-2.04754
-1.71951
-2.10927
-2.10977
-2.21688
-2.25887
-1.98482
-2.02021
-2.07212
-2.05173
-1.85137
-2.23282
-2.10677
-2.11607
-2.4701
-1.95037
-2.04633
-2.3217
-2.48906
-2.04132
-2.04122
-1.88949
-2.20797
-1.95374
-1.93169
-1.99796
-1.62082
-1.87492
-2.16545
-2.20989
-1.90917
-1.8964
-2.32483
-1.73613
-1.67755
-2.25071
-2.12964
-2.00416
-2.08028
-1.92919
-2.09247
-1.83478
-2.29657
-2.10602
-2.01674
-1.97911
-1.96371
-1.91624
-1.98353
-2.37717
-2.27044
-1.76729
-2.21935
-1.64312
-1.71753
-2.11185
-1.63705
-2.1727
-2.21317
-2.1143
-2.17209
-1.95257
-1.90839
-1.99526
-1.92044
-2.34391
-1.8631
-1.85783
-1.94843
-1.99916
-2.06255
-1.81387
-2.01057
-2.287
-2.17129
-2.07868
-2.04594
-1.85636
-1.97437
-1.62643
-1.91888
-2.10065
-2.04744
-1.79482
-1.88332
-2.12023
-2.22078
-2.14812
-1.81947
-2.32396
-1.92531
-2.38282
-2.06244
-2.05947
-2.06429
-2.18494
-2.1412
-2.11693
-1.99126
-2.24596
-1.74726
-2.13557
-1.7102
-1.62181
-1.80967
-2.05917
-2.38202
-2.114
-2.23679
-1.90094
-1.93171
-1.81812
-2.04674
-1.96746
-1.9493
-1.88322
-1.61473
-2.08588
-2.16448
-2.22571
-2.22121
-1.81614
-2.25635
-2.08292
-2.03877
-1.78901
-1.93175
-1.83026
-1.93132
-2.20182
-2.20723
-1.97095
-2.09699
-1.97998
-1.83676
-1.94582
-2.06403
-1.93903
-2.0543
-2.24887
-1.78404
-2.14553
-2.01969
-1.96338
-1.71095
-2.10849
-1.93212
-1.76447
-1.49314
-2.11526
-1.89058
-1.99442
-2.07213
-2.01313
-1.8306
-2.01123
-2.31914
-2.46499
-1.75152
-2.06297
-2.10989
-2.07416
-1.86706
-1.88491
-1.88602
-2.00465
-2.16427
-1.66385
-1.93576
-2.29522
-2.08814
-2.26603
-1.70457
-1.77879
-2.03527
-1.93309
-1.99965
-1.92771
-1.86039
-1.88686
-1.9864
-1.85303
-2.00279
-2.15864
-1.99382
-2.47392
-2.45933
-1.87718
-2.09546
-2.19654
-1.86185
-1.77206
-2.21521
-1.98228
-1.86348
-1.59106
-2.2078
-2.4312
-2.27603
-1.85408
-2.03003
-1.93305
-1.82633
-1.67192
-1.89138
-2.20219
-2.26299
-2.10709
-1.74081
-1.87442
-2.46316
-1.83602
-1.75727
-1.73301
-2.0145
-2.20125
-2.31288
-1.97402
-1.83996
-2.36571
-2.25082
-2.00932
-2.07039
-2.2343
-1.78607
-1.68427
-1.95481
-1.94834
-1.65523
-1.927
-2.11676
-1.84381
-2.36768
-2.15124
-2.14828
-2.03096
-2.14143
-1.66744
-1.7699
-2.0624
-1.98241
-2.13534
-2.14977
-2.27456
-2.06311
-1.86828
-1.95975
-2.04098
-2.40757
-1.87586
-2.01433
-2.06601
-1.88486
-2.25059
-2.25345
-2.17728
-2.03524
-2.17497
-1.87984
-2.21613
-1.88439
-1.94995
-2.07458
-2.06369
-2.22341
-2.28404
-2.23797
-1.89203
-1.91968
-2.16808
-2.10985
-1.51717
-1.85478
-2.24533
-2.15632
-1.81057
-2.06349
-1.92962
-2.08947
-2.19407
-2.14255
-1.70288
-1.64636
-2.50478
-1.75099
-1.94603
-2.06864
-1.91054
-1.45884
-1.99422
-1.66512
-2.08814
-2.18366
-1.75274
-1.93771
-1.82909
-1.87506
-2.4955
-1.85748
-1.77916
-2.22075
-1.68845
-1.96343
-1.753
-1.98874
-1.6551
-2.15386
-2.05174
-1.88485
-2.04942
-2.22407
-1.83297
-2.09728
-1.96443
-2.10715
-1.9337
-1.81722
-1.79564
-1.98836
-1.92827
-1.90137
-1.41634
-1.75905
-2.08291
-2.0009
-2.06779
-2.0785
-2.09383
-2.21538
-1.81904
-1.80254
-1.91678
-2.41434
-1.77299
-1.92373
-2.15356
-1.7779
-1.80989
-2.16369
-2.26511
-2.24834
-2.07815
-2.18065
-1.88126
-1.77331
-2.06293
-1.70196
-2.12917
-2.06616
-1.90539
-2.26265
-2.02004
-2.32453
-1.92342
-2.17415
-2.21499
-2.19821
-1.98478
-2.27579
-2.14211
-2.2761
-1.86636
-1.9488
-2.1846
-2.12467
-2.42632
-2.11719
-2.22183
-2.0342
-1.91032
-1.84404
-1.82532
-2.31593
-2.38262
-1.92868
-2.06097
-1.88148
-2.39379
-1.88949
-2.44951
-1.9763
-1.59471
-1.9103
-1.74447
-1.93352
-1.75282
-2.18394
-1.72265
-2.02497
-1.99765
-2.09933
-2.03757
-2.08051
-2.13947
-2.03671
-1.99054
-2.20594
-2.23031
-2.20257
-1.96152
-2.01333
-1.66704
-2.07439
-1.86918
-2.15141
-1.93176
-1.96649
-1.89796
-1.8688
-2.37603
-1.90779
-1.68926
-2.09345
-2.27901
-1.97468
-2.01787
-1.79383
-2.24992
-1.90689
-2.02642
-1.96324
-1.96449
-1.96157
-1.95874
-1.82627
-2.30524
-1.88462
-2.11684
-2.32511
-2.0174
-2.07479
-1.88726
-1.90891
-2.09459
-2.02703
-2.05921
-1.93607
-1.89836
-1.86483
-2.31292
-1.91298
-2.25411
-1.56036
-2.04802
-2.06782
-2.56826
-2.09046
-1.76884
-2.31956
-1.99932
-1.72132
-1.91583
-1.96066
-1.90259
-2.21107
-2.09937
-1.91086
-2.09001
-2.07821
-2.03979
-2.00883
-1.69606
-1.66684
-1.59885
-1.79305
-1.9909
-2.25324
-1.60789
-1.93437
-1.88866
-2.5489
-2.31463
-2.02931
-2.06464
-1.92537
-2.14961
-1.90361
-2.19196
-1.68939
-2.17854
-1.79741
-2.22201
-2.08911
-2.15213
-1.88475
-1.92921
-2.02384
-2.10206
-1.87323
-2.21456
-1.63737
-2.08873
-1.92477
-1.93034
-2.2891
-1.67797
-2.14497
-1.92656
-1.89834
-2.07012
-2.14416
-1.98985
-1.99891
-1.829
-1.93805
-1.99681
-2.25356
-1.71528
-1.8605
-1.96403
-1.85761
-1.97589
-1.7943
-1.66142
-1.80984
-2.0781
-1.81531
-1.99242
-2.10374
-2.2555
-1.89861
-2.13887
-1.88972
-2.16669
-1.83989
-1.90674
-1.93461
-1.95962
-1.61735
-1.85335
-2.05978
-2.13099
-1.96144
-2.07913
-1.83834
-1.99032
-1.87651
-2.02914
-2.04943
-2.18108
-1.96923
-1.90802
-2.48227
-1.99068
-1.84879
-1.83907
-1.8101
-1.95002
-2.5587
-1.86961
-1.89453
-2.15584
-1.86314
-1.96123
-2.23661
-1.86197
-2.05173
-2.18527
-2.33054
-1.99312
-2.13861
-2.08239
-2.12831
-2.14301
-2.14037
-1.71903
-1.7168
-2.3731
-2.19246
-1.64759
-1.99751
-1.835
-2.17939
-1.88305
-1.60722
-1.97015
-1.91188
-2.14682
-2.01029
-2.33282
-1.76073
-2.20242
-2.05867
-1.65104
-1.8451
-1.94789
-1.57935
-1.84669
-2.1387
-2.04467
-1.93942
-1.80675
-1.788
-2.04972
-1.84947
-1.96082
-2.10829
-2.10838
-1.91418
-1.8246
-1.64834
-1.99156
-2.20581
-2.00721
-1.8347
-1.92073
-2.22654
-1.90056
-1.93774
-2.28752
-1.8066
-1.96397
-2.58411
-1.62301
-2.07398
-2.19441
-2.22076
-2.3141
-2.20184
-1.90222
-1.93419
-2.08356
-2.0408
-2.12241
-1.80643
-1.80536
-1.98912
-2.01782
-1.73333
-1.8455
-2.39163
-2.09704
-2.49208
-1.83992
-2.14218
-2.06775
-1.86622
-1.93974
-1.78194
-1.90044
-2.47315
-2.49802
-1.95939
-2.07346
-1.75377
-2.07369
-1.99561
-1.81383
-1.91033
-1.93866
-1.86055
-2.11126
-2.12948
-1.81076
-2.23402
-1.75969
-1.97625
-2.10056
-2.1206
-2.12005
-2.28575
-2.05545
-1.80943
-1.99521
-1.75665
-2.01406
-2.19874
-1.68677
-1.93479
-1.93421
-1.73575
-2.4168
-1.77675
-1.76322
-1.86162
-2.2645
-1.94249
-1.83937
-1.97391
-1.92484
-1.73142
-2.07052
-1.9744
-1.41435
-1.54347
-2.15268
-1.70928
-1.91651
-1.70084
-1.884
-1.47134
-2.18048
-1.83828
-2.10726
-1.97715
-2.12042
-1.98522
-1.67658
-2.14653
-2.07589
-1.71677
-1.96624
-1.94868
-2.00567
-1.99506
-1.97311
-1.87908
-2.04942
-2.07493
-2.28564
-2.03233
-2.02833
-2.06143
-2.15866
-2.0813
-1.77184
-1.86424
-2.388
-2.37484
-2.17567
-1.9637
-1.86173
-1.77652
-2.27373
-2.38163
-1.90671
-1.98739
-2.21534
-2.13073
-1.91342
-2.38658
-2.06565
-2.27248
-1.90288
-2.01101
-2.0581
-1.6473
-1.84267
-1.87497
-2.3095
-2.14328
-2.23209
-1.88218
-2.03915
-2.04365
-1.99606
-2.28793
-2.00298
-1.83042
-1.78246
-2.38853
-2.03914
-1.78038
-1.9651
-2.22447
-2.09079
-2.04313
-1.96362
-2.05884
-2.23679
-2.14381
-2.04996
-2.05846
-2.34308
-2.22904
-2.19962
-2.07083
-2.15023
-2.25518
-1.92903
-1.59851
-1.78216
-2.35994
-2.14374
-2.01099
-2.20194
-2.13306
-1.99603
-1.78225
-2.00733
-1.99307
-2.19263
-2.02792
-2.15567
-2.19597
-1.56699
-2.27573
-2.12923
-1.50657
-1.75589
-2.1185
-2.04898
-2.09228
-2.05406
-1.94226
-2.07457
-2.30983
-1.73817
-1.88088
-2.14457
-2.25139
-2.41936
-1.89562
-2.25632
-1.82195
-2.46064
-1.63336
-1.78864
-2.21801
-1.65778
-1.64316
-2.19115
-1.84945
-1.81956
-2.14971
-1.66224
-2.27145
-2.06554
-1.96009
-1.89591
-1.74193
-1.99147
-1.95303
-1.86874
-2.36874
-2.0211
-1.66679
-1.6779
-2.23974
-1.59183
-2.46558
-1.855
-2.39192
-1.87816
-1.95019
-1.89963
-1.81635
-2.0114
-2.00207
-2.12999
-1.77652
-1.87985
-1.93585
-2.10838
-1.52687
-2.06251
-2.44337
-2.05809
-2.35913
-1.88574
-2.04162
-2.29532
-1.82024
-1.72871
-2.14581
-2.39592
-1.79303
-1.93829
-2.07069
-2.36056
-2.10869
-1.91714
-2.21561
-1.71678
-2.04177
-2.00165
-2.40537
-2.09241
-2.2843
-2.03032
-2.17672
-2.14336
-1.97154
-2.2258
-2.04133
-2.20002
-1.9152
-2.20323
-1.55431
-2.17436
-1.73458
-2.1524
-1.8263
-1.92554
-1.93427
-2.04909
-1.98063
-2.21275
-1.89846
-2.09983
-1.93269
-1.78345
-1.89415
-2.15684
-1.82475
-2.21226
-2.08049
-1.87402
-1.68482
-1.88886
-2.15668
-2.24904
-2.03831
-1.92213
-2.00371
-1.95361
-2.08246
-2.02554
-1.6849
-1.88029
-2.20674
-1.89884
-1.89669
-1.93959
-2.26571
-2.28487
-2.00254
-1.86922
-1.98609
-2.15333
-1.82662
-1.87058
-2.16464
-2.30493
-1.98475
-2.03463
-2.01656
-2.04025
-1.92925
-2.03672
-2.00898
-2.00124
-2.1263
-1.76471
-1.95515
-2.17024
-1.91799
-2.05286
-1.68527
-1.63466
-2.03492
-1.9702
-2.03556
-1.89194
-2.27085
-2.02802
-2.32008
-2.42457
-2.074
-1.79292
-1.50538
-2.25228
-1.77211
-2.41407
-1.93555
-1.9594
-1.70946
-1.8873
-1.9748
-2.11699
-2.36975
-1.80951
-2.12652
-2.03885
-1.89434
-2.07434
-1.98885
-2.13637
-1.89421
-2.15477
-2.09539
-2.15003
-1.84262
-2.25121
-1.72422
-1.80205
-2.18994
-1.61648
-2.1182
-1.7796
-1.8761
-2.25876
-1.90373
-1.91642
-2.18653
-1.85523
-2.16373
-2.13267
-2.18859
-2.13915
-2.12465
-2.0177
-2.05441
-1.92135
-1.64949
-2.49067
-1.76417
-1.86399
-1.93334
-2.17331
-2.3186
-1.96378
-2.05151
-2.05764
-2.26164
-2.23025
-2.11281
-2.46216
-2.19232
-2.05623
-1.89902
-2.34925
-2.16732
-1.92289
-2.21464
-2.09645
-1.76116
-1.98791
-2.27277
-1.83126
-2.25558
-1.97362
-2.07588
-2.24928
-2.24734
-1.692
-1.85435
-1.87252
-1.92152
-1.95659
-2.17859
-2.02863
-2.10597
-1.96276
-1.83926
-1.84726
-1.92806
-2.0022
-2.0186
-2.15008
-1.83043
-1.58106
-2.18852
-2.26535
-1.87742
-1.66947
-1.81915
-2.12064
-1.94058
-1.78374
-2.09861
-2.21416
-1.83073
-2.24809
-1.93312
-1.8678
-1.80761
-1.74799
-1.59921
-2.39265
-2.06828
-2.11875
-1.69599
-2.18515
-2.33204
-1.97176
-1.89494
-2.06646
-2.20577
-2.11554
-2.29286
-2.23665
-1.92499
-2.4397
-2.22843
-1.98465
-2.27912
-1.85415
-2.04393
-1.53665
-2.14169
-1.83669
-2.08213
-1.55968
-1.72049
-2.19837
-2.00861
-2.18761
-2.02025
-2.27953
-1.88555
-1.93704
-2.04617
-1.73108
-2.00985
-2.02176
-2.06944
-1.70478
-1.67772
-1.85967
-2.30316
-1.90943
-1.57893
-2.05212
-1.88913
-2.01346
-1.97447
-1.5525
-2.17472
-1.94902
-2.0118
-2.01147
-1.87767
-2.06036
-1.59871
-2.29307
-1.87244
-1.93586
-1.67135
-2.14402
-1.84367
-2.54215
-1.9569
-2.07081
-2.01121
-1.94585
-1.85493
-2.16975
-2.35122
-1.8799
-2.13993
-1.9666
-2.20686
-1.57632
-1.78824
-2.24944
-1.94991
-2.0431
