-2.29446
-2.29346
-1.87703
-1.96414
-2.03635
-2.37101
-1.8108
-1.86134
-1.79561
-1.71914
-2.22491
-2.11529
-2.42714
-2.46267
-2.76899
-1.99852
-2.16764
-2.56608
-2.53025
-2.11811
-1.681
-1.58923
-2.13225
-2.09704
-2.24407
-1.98361
-1.87116
-1.39847
-2.19257
-1.90689
-2.31354
-2.24207
-1.58913
-1.4235
-2.0409
-2.0501
-1.93619
-2.00125
-1.92736
-1.79892
-1.82736
-2.02662
-1.89314
-2.16222
-1.65945
-2.00492
-1.56602
-1.62558
-1.93882
-1.6194
-1.7089
-1.63148
-2.23877
-2.37516
-1.87356
-2.35505
-2.05436
-2.17475
-2.31755
-1.77754
-2.45323
-1.79947
-2.31142
-2.06273
-1.42058
-2.05426
-2.19892
-1.55027
-2.16084
-1.76804
-2.32005
-2.12545
-1.47791
-2.20437
-2.09019
-1.55686
-1.44894
-1.38873
-1.95581
-1.48678
-2.26857
-1.6504
-2.51409
-1.6396
-1.55952
-2.1218
-1.68402
-2.19578
-1.87261
-1.86912
-1.55668
-2.43484
-1.89245
-1.64801
-1.22997
-1.62656
-1.90648
-2.17315
-2.07628
-1.67702
-1.4104
-2.07879
-2.60747
-1.76942
-2.77613
-1.88164
-1.78384
-1.93733
-1.86359
-2.33134
-2.05137
-2.05599
-1.96553
-2.02083
-2.18707
-2.36148
-1.60448
-2.10917
-1.41197
-1.72282
-1.41815
-2.31207
-1.40863
-1.75567
-1.58792
-2.30685
-2.11925
-1.98722
-1.77485
-1.56475
-2.40698
-0.89405
-1.92924
-1.44531
-1.83069
-2.85454
-1.26397
-2.53027
-2.61749
-1.91202
-2.09203
-1.37013
-2.14862
-2.00974
-1.94856
-1.79316
-1.16311
-2.06585
-2.07011
-2.00906
-1.99353
-1.74862
-1.36965
-2.02968
-1.64543
-1.65373
-2.0104
-1.91536
-1.85238
-1.70239
-1.92243
-1.76447
-1.83013
-1.32423
-1.4075
-1.32896
-1.52634
-2.27044
-2.07065
-1.63522
-1.96001
-1.46711
-1.91774
-2.08729
-1.84814
-1.94347
-2.10643
-1.7701
-1.73691
-2.09479
-1.55783
-1.4282
-1.90222
-1.59176
-1.33181
-1.93679
-1.79675
-1.79166
-2.3869
-2.17421
-2.08058
-2.04221
-1.89352
-1.80291
-1.93803
-1.92422
-1.43237
-1.99274
-1.73503
-2.19113
-2.57266
-1.93397
-2.21216
-2.0693
-1.59954
-2.03991
-1.78393
-2.13252
-1.60524
-1.93591
-2.4075
-2.31695
-2.28259
-1.69745
-1.33461
-2.39906
-1.76352
-1.70883
-1.74452
-1.39362
-1.8847
-1.84109
-1.65288
-2.16047
-1.69057
-1.95119
-1.77122
-2.5815
-2.27041
-1.84589
-1.82632
-1.88276
-2.00501
-1.67788
-2.33916
-2.12467
-2.19986
-1.25567
-1.98453
-1.87063
-2.13058
-2.52906
-2.07485
-1.91767
-1.80242
-2.19511
-1.28532
-2.24335
-1.8661
-1.76662
-1.53394
-2.33642
-1.70433
-2.20713
-1.6855
-1.69829
-2.06349
-2.3954
-2.03296
-1.38507
-2.0046
-2.16333
-1.98693
-2.03474
-2.11081
-1.68975
-2.28306
-2.33989
-2.14865
-1.84939
-2.20537
-2.05978
-1.71667
-1.98708
-1.66393
-1.95163
-1.61766
-1.83594
-2.1015
-2.47449
-2.03227
-1.49211
-1.51299
-2.04885
-1.36715
-1.71879
-1.56377
-1.72469
-2.07306
-2.39439
-1.80299
-2.10951
-1.74838
-1.68645
-2.09411
-1.78261
-2.25094
-2.14154
-1.82208
-1.51919
-2.33566
-2.664
-1.62258
-1.72669
-1.71165
-2.47191
-2.0272
-1.89953
-2.44058
-1.66871
-1.40852
-1.8532
-1.36493
-1.95074
-1.76729
-1.91436
-1.65749
-2.05765
-2.04133
-1.8393
-1.7273
-2.17013
-1.45675
-2.02633
-2.23483
-2.08745
-2.03956
-1.37991
-1.63489
-2.10607
-2.21873
-1.89531
-1.61887
-2.26086
-1.61847
-1.35076
-2.12176
-2.2759
-1.6087
-2.05082
-2.49651
-1.72708
-1.965
-2.43625
-2.23734
-1.88052
-1.45274
-2.10948
-1.6731
-1.89641
-2.1392
-2.61979
-1.82669
-2.02616
-1.80821
-1.99487
-1.64068
-2.25482
-2.431
-1.74431
-1.78667
-2.18258
-1.84828
-1.22919
-2.30173
-1.91343
-2.17172
-2.04548
-1.94301
-1.51372
-1.49436
-1.83081
-1.19324
-1.93415
-1.68572
-2.15353
-1.93345
-1.79795
-1.77401
-2.45048
-1.60451
-2.34064
-2.22713
-1.21589
-1.866
-1.90343
-1.6063
-1.57501
-1.88458
-2.4408
-1.79843
-2.06403
-1.71041
-2.30351
-2.31263
-1.46546
-1.73316
-2.26745
-1.91657
-1.72495
-2.09644
-2.44787
-1.81383
-1.33227
-1.88791
-1.95179
-2.07352
-1.77069
-1.54843
-2.66067
-1.9663
-1.42889
-1.69948
-1.51584
-1.45972
-1.75444
-1.74338
-1.36493
-2.09432
-1.46977
-2.26758
-2.15756
-1.30924
-2.05103
-1.91467
-1.85177
-1.89101
-1.44142
-2.26516
-1.60763
-1.72743
-1.60701
-1.60383
-2.21229
-1.59579
-2.22479
-2.124
-2.28064
-2.299
-1.94484
-1.86214
-2.13438
-1.61398
-2.00076
-2.39653
-2.16273
-1.77149
-1.97818
-2.06311
-1.86249
-1.40944
-1.93963
-1.91428
-1.23848
-1.94731
-1.67481
-2.17479
-1.9366
-2.08673
-2.5002
-1.80358
-2.04145
-2.23849
-1.76409
-2.43902
-1.90153
-2.02429
-1.39295
-1.94691
-2.30566
-1.70401
-2.02883
-2.29327
-1.85153
-1.79652
-2.08865
-2.09046
-1.8388
-1.34315
-1.96091
-2.34923
-1.98111
-2.29547
-1.29557
-1.86844
-1.41145
-2.04595
-1.84214
-1.65673
-2.22593
-1.68246
-2.13284
-1.17754
-1.92405
-1.97961
-2.02505
-2.01586
-1.72888
-1.70355
-2.01968
-1.89792
-1.60252
-1.40844
-2.46977
-1.86895
-1.56865
-2.18314
-2.11403
-2.15532
-1.45411
-1.14658
-1.46192
-2.22233
-1.54135
-2.01913
-1.82046
-2.14974
-1.8639
-2.13455
-2.18664
-2.20889
-2.04602
-1.81481
-1.87687
-1.72267
-2.90489
-1.33201
-2.01385
-2.28085
-2.61232
-1.67549
-1.86504
-1.19929
-1.99976
-2.00015
-1.78986
-2.12198
-2.51111
-1.61394
-2.06072
-2.15994
-1.55996
-2.08126
-1.93589
-2.06193
-1.31495
-2.62768
-1.97336
-1.86805
-1.65931
-1.99216
-2.7164
-1.80824
-2.10503
-1.79296
-1.74552
-1.49697
-1.4206
-1.90218
-1.58417
-2.39091
-2.69431
-1.83025
-1.77394
-1.98312
-1.81846
-2.08414
-1.04316
-2.18258
-1.69961
-2.47667
-1.65043
-2.25907
-1.8382
-1.69433
-1.85451
-1.933
-2.17968
-1.80169
-1.50934
-1.90426
-1.57364
-1.6537
-2.00148
-1.56957
-2.05936
-1.9031
-2.92389
-1.78193
-1.98446
-1.80765
-2.22537
-1.90203
-2.25717
-1.86121
-1.80021
-1.87646
-1.78033
-1.91699
-2.11365
-1.23201
-2.41352
-2.44235
-1.72058
-1.75221
-1.64695
-1.90773
-1.93793
-1.40566
-2.26476
-1.79191
-1.81596
-1.73082
-1.87976
-2.11943
-1.99456
-1.58702
-1.87735
-2.02594
-1.37659
-1.42636
-1.61132
-2.17646
-1.92924
-1.88553
-1.95287
-1.83421
-2.18937
-1.41623
-2.08876
-2.18214
-1.99855
-1.29509
-1.85515
-1.97097
-1.65844
-1.73543
-1.43189
-2.25815
-2.30391
-2.35615
-2.4007
-2.39524
-1.87765
-1.36892
-2.61482
-2.27427
-1.07911
-1.76645
-1.76137
-2.20155
-1.64134
-2.2727
-2.50492
-1.51444
-1.82536
-2.01175
-1.87352
-1.62787
-1.77842
-1.82551
-1.7486
-2.17955
-1.8883
-1.56195
-2.03639
-2.2583
-2.04226
-1.76328
-1.36257
-2.33181
-1.88348
-2.18399
-2.29322
-1.98027
-2.43842
-1.54647
-2.30788
-1.86277
-2.11926
-1.65401
-1.99104
-2.11864
-2.00549
-1.6555
-1.64149
-1.98814
-1.43157
-1.17537
-1.74613
-2.05561
-1.85326
-1.70773
-1.19031
-1.60078
-1.34545
-1.34464
-2.22986
-1.82461
-1.66419
-2.16007
-2.09862
-2.04983
-1.81671
-1.9586
-2.0932
-1.86779
-2.11968
-1.6388
-2.33529
-2.57298
-1.91108
-1.85163
-1.73935
-1.60679
-2.3693
-1.06145
-1.85825
-2.0591
-2.13168
-2.12012
-2.08223
-2.48822
-1.92039
-2.11993
-1.98493
-1.72128
-2.30088
-1.71197
-2.00271
-1.85156
-2.30487
-1.96174
-1.85257
-0.98949
-2.29021
-1.75013
-2.54782
-2.10163
-1.68679
-1.81361
-2.41025
-2.25752
-1.68602
-1.96512
-2.32761
-1.96051
-1.60819
-1.52451
-1.98089
-1.16174
-2.18491
-1.39552
-1.73958
-1.87885
-2.19921
-1.51712
-1.71928
-2.73293
-2.38941
-1.13353
-1.7891
-1.78262
-1.93717
-1.85906
-1.49436
-2.02339
-1.58428
-2.17414
-1.38564
-1.98356
-1.58837
-1.92886
-1.84111
-1.43979
-1.98693
-1.95393
-2.19263
-2.22816
-1.49773
-2.08831
-1.71896
-1.85392
-1.83498
-2.384
-2.37042
-2.23733
-2.23427
-1.48248
-2.02031
-1.53865
-1.62395
-1.69114
-2.29892
-1.92876
-1.65931
-2.16354
-2.2108
-1.50762
-2.22399
-2.09713
-2.18544
-2.05874
-1.78682
-1.6235
-1.40621
-1.86609
-2.50879
-1.96693
-2.4617
-1.88812
-1.94513
-1.70038
-1.54104
-1.97656
-2.15618
-1.47902
-1.81102
-2.17753
-2.38013
-1.62373
-2.4571
-1.33115
-1.97399
-1.81914
-2.60042
-2.23898
-2.21784
-2.13475
-1.23325
-1.74462
-2.09929
-2.06448
-1.47179
-2.39093
-1.69956
-2.15252
-1.80322
-2.50512
-1.70795
-1.74742
-1.97309
-2.24827
-2.19914
-1.93279
-1.78593
-2.44458
-2.05018
-2.32229
-1.49015
-1.71161
-2.34178
-1.64423
-1.83724
-2.11553
-2.20415
-2.40474
-2.43851
-1.89926
-1.644
-1.77212
-1.55603
-1.57101
-1.74652
-2.54884
-1.9308
-1.92896
-2.41786
-2.35998
-1.60372
-2.03118
-1.66613
-1.72385
-2.35178
-1.64212
-2.16392
-2.34636
-2.08183
-1.81139
-2.05935
-2.27156
-1.0954
-1.92012
-1.93287
-1.89214
-1.75346
-1.64474
-2.00032
-1.63818
-1.97532
-2.4774
-1.86804
-1.42713
-1.93856
-2.04503
-2.14765
-2.28086
-1.65205
-1.48489
-1.51222
-1.99975
-2.23975
-1.6887
-1.78051
-2.57087
-1.79203
-2.26033
-1.57964
-2.06175
-1.90464
-1.59171
-1.73711
-1.98953
-1.32358
-1.67434
-1.67387
-1.64134
-1.70387
-2.61138
-1.76557
-2.20548
-1.74187
-1.99783
-1.66571
-2.09197
-1.774
-1.92108
-1.97826
-1.86383
-2.28738
-1.94676
-1.92958
-1.7526
-1.18003
-2.0345
-1.98706
-1.77119
-1.62849
-2.04179
-1.36818
-1.64115
-1.94678
-2.19306
-1.74989
-2.34991
-2.39579
-1.69622
-2.01371
-1.52832
-1.98281
-2.03882
-2.32461
-1.80585
-2.74938
-1.57472
-2.00882
-1.99715
-2.24711
-2.01475
-2.34212
-1.79057
-2.0746
-1.68595
-2.29276
-1.43519
-1.82583
-1.30567
-2.11845
-2.10147
-1.94407
-2.32287
-1.96298
-1.97173
-1.81728
-2.37624
-1.7715
-1.65786
-1.72574
-1.96199
-1.21577
-2.25194
-1.98696
-1.76919
-2.09188
-2.30973
-1.64485
-2.14279
-1.67319
-1.72138
-1.90512
-2.3497
-2.08775
-2.65122
-1.80932
-1.6603
-2.29681
-1.84771
-1.60454
-1.93907
-2.04967
-1.55571
-1.98296
-2.71258
-1.7345
-1.89609
-1.39717
-1.76814
-2.02307
-2.06992
-1.98629
-2.05973
-2.02165
-1.89106
-1.90692
-2.16536
-1.52236
-2.70989
-2.05885
-1.86868
-2.07344
-1.76126
-1.69665
-2.20821
-1.83201
-2.2361
-1.98349
-2.12916
-1.91445
-2.08959
-2.019
-2.2347
-2.23407
-2.18827
-2.22234
-1.66742
-2.04055
-2.2316
-2.08748
-1.53244
-1.85111
-1.82647
-1.60904
-1.63573
-1.73482
-1.86598
-1.08249
-2.21936
-1.60845
-1.6794
-1.85769
-1.48058
-1.87787
-1.56128
-1.51668
-1.42201
-1.40798
-1.91089
-1.61579
-2.39165
-1.81751
-1.86328
-1.65261
-2.0305
-1.98252
-1.87509
-2.04043
-2.26895
-1.09262
-2.43652
-1.9438
-1.36038
-2.04103
-1.70014
-1.49883
-1.99149
-2.13836
-1.42758
-2.25044
-2.39381
-1.87795
-1.80203
-1.80554
-2.16294
-1.7108
-2.07986
-2.26376
-1.84904
-2.35
-2.06164
-2.08257
-1.98142
-1.80493
-2.27045
-1.62219
-2.13434
-1.89852
-2.20135
-1.42043
-1.21892
-1.83717
-1.86128
-2.10474
-2.17238
-2.06848
-1.80094
-2.26789
-1.81845
-1.77798
-2.07686
-1.56371
-2.16449
-1.32006
-1.78995
-1.73615
-1.93119
-1.5844
-2.21858
-1.94764
-2.10684
-1.52014
-1.85545
-2.19102
-1.23704
-1.75488
-1.73164
-2.38191
-1.99775
-1.60294
-1.93509
-2.32345
-1.84971
-2.06684
-1.56522
-2.16213
-2.12699
-1.58764
-2.1157
-1.61576
-1.64231
-2.30816
-1.87732
-1.65453
-1.96204
-1.43637
-2.19392
-2.03226
-2.57101
-1.91395
-1.67842
-1.79964
-1.70639
-2.28459
-2.72161
-2.00045
-2.07669
-1.47653
-2.25807
-2.04273
-2.28856
-2.04926
-2.13687
-2.45297
-1.62235
-1.94672
-1.73092
-1.76599
-2.27889
-1.59327
-2.21707
-2.21359
-1.71766
-1.74505
-2.01007
-1.99659
-2.17286
-2.30758
-2.48397
-2.16336
-2.12984
-1.12932
-1.52826
-1.97635
-2.35424
-1.87242
-2.0507
-1.76137
-2.19846
-1.80871
-1.66999
-1.76631
-2.05996
-1.83541
-1.9007
-2.29021
-1.82596
-1.5763
-1.94729
-1.95063
-1.84373
-2.25581
-2.02362
-2.25583
-1.93406
-1.7782
-1.53274
-2.37898
-2.13809
-1.97337
-1.2099
-1.51857
-1.99375
-1.51886
-2.05441
-1.76856
-2.22031
-1.71543
-1.35618
-2.20312
-1.58067
-1.84971
-1.75923
-2.14822
-1.26306
-2.17341
-1.83229
-2.44811
-2.05046
-1.72817
-2.54427
-1.51057
-2.36442
-1.91962
-1.9744
-2.26473
-1.76562
-1.28646
-2.36207
-2.51335
-1.99861
-2.14198
-2.51986
-1.42703
-1.82558
-2.14723
-1.56522
-2.41288
-2.43048
-1.73905
-1.8673
-1.8594
-1.93959
-2.05765
-2.33094
-2.18398
-2.58105
-1.89507
-1.82479
-1.74902
-1.8868
-1.51081
-1.53945
-1.59263
-1.69303
-1.65149
-1.81193
-1.2979
-0.8688
-2.46282
-1.71573
-1.5991
-2.02418
-2.12987
-1.03388
-2.03622
-1.92526
-1.84493
-1.88024
-1.91604
-1.74215
-1.83718
-1.9489
-2.61278
-1.52963
-1.74178
-2.05901
-1.8484
-0.92199
-2.28912
-1.79378
-1.93284
-1.79758
-1.45729
-2.66874
-1.68603
-2.15549
-1.9912
-1.71356
-1.9223
-2.11332
-1.60484
-2.31017
-1.84894
-1.90643
-1.63253
-1.81952
-1.91365
-1.4863
-1.24293
-1.90104
-1.71214
-1.64055
-2.08161
-2.02097
-2.36949
-1.65013
-2.33413
-1.29435
-1.68702
-1.94957
-1.65696
-1.46079
-1.64694
-1.86187
-1.92138
-2.19793
-1.36117
-2.10457
-1.88944
-2.05126
-1.67266
-1.48979
-1.46177
-1.83607
-2.25331
-1.07895
-1.89032
-2.53083
-1.78006
-1.73438
-2.20496
-2.56972
-1.64161
-1.77898
-1.31831
-1.99028
-2.42513
-2.25329
-1.41099
-2.09713
-1.60449
-1.57335
-2.13744
-2.26542
-1.655
-1.844
-2.21953
-1.55543
-2.4125
-1.29866
-2.06318
-1.6211
-2.01029
-1.94993
-1.39764
-2.32073
-2.0845
-1.61328
-1.54757
-1.73403
-1.86061
-1.88394
-2.25081
-1.69246
-1.80398
-2.07025
-1.29377
-1.63704
-2.34804
-1.49732
-2.38911
-1.79544
-2.19967
-1.64026
-1.92749
-1.71526
-1.47293
-2.25485
-2.03327
-2.17476
-1.81572
-2.45342
-2.19231
-2.23763
-2.01131
-2.38
-1.53871
-2.15538
-2.18376
-1.41465
-1.67687
-1.42348
-1.89054
-2.48411
-1.80241
-1.66324
-1.96122
-1.81118
-2.09707
-1.73843
-2.6075
-1.5221
-1.13746
-1.80325
-1.65873
-1.52814
-1.93345
-1.5172
-1.32447
-1.68731
-1.75283
-2.03419
-2.01029
-2.10661
-2.87789
-2.1645
-2.13002
-1.31697
-1.32167
-1.89874
-1.45988
-1.82426
-2.70647
-1.54668
-2.00149
-2.35961
-1.28145
-2.25824
-2.16084
-2.47214
-1.30276
-2.02002
-1.46158
-2.0623
-1.74681
-1.47687
-1.83649
-1.93826
-1.60008
-1.3491
-2.8967
-2.00669
-1.77961
-2.2407
-1.65612
-2.17253
-1.54887
-2.17542
-1.01985
-1.7667
-1.65856
-1.84453
-1.85292
-1.57921
-1.61436
-2.23999
-1.63849
-2.33223
-1.83177
-2.10331
-2.31295
-2.20596
-2.35601
-1.93853
-1.97418
-1.90866
-2.00442
-1.95658
-2.02211
-1.93268
-2.34061
-1.85933
-1.74894
-1.9221
-2.13649
-2.16782
-1.82764
-2.17232
-1.67329
-2.28228
-2.29965
-2.03482
-1.88076
-2.03599
-2.14748
-2.01243
-1.75463
-1.68004
-2.3622
-1.23573
-2.63578
-2.06337
-2.21834
-2.05498
-2.15394
-2.34248
-2.34976
-1.3634
-2.18791
-1.7318
-1.58771
-2.44906
-1.81518
-1.87114
-1.30063
-1.61825
-1.4997
-1.47526
-2.17775
-1.94158
-1.96524
-2.35228
-1.92006
-1.81025
-1.74072
-1.79997
-1.72176
-1.91782
-1.94207
-2.46976
-2.17764
-2.28009
-1.81992
-2.08132
-2.51975
-2.50417
-1.99205
-1.97672
-2.00753
-1.60873
-2.15579
-1.9906
-1.48591
-2.4361
-2.06089
-2.0357
-2.02142
-1.9711
-2.50473
-1.46738
-2.33011
-1.89432
-1.67816
-1.48
-2.24068
-2.30301
-1.85089
-1.41004
-1.90813
-2.20559
-1.84989
-1.98123
-2.42762
-2.32538
-2.01727
-1.6136
-2.47628
-1.71244
-1.3567
-1.77399
-2.02937
-2.01894
-1.52209
-1.97938
-2.25898
-1.93155
-1.97524
-1.65685
-1.94379
-1.54255
-1.88698
-1.86869
-2.0278
-1.60653
-2.4023
-1.6865
-1.7454
-1.63052
-2.57057
-1.80047
-1.36586
-1.66991
-1.78729
-1.64323
-1.52602
-2.81455
-2.24134
-1.81126
-2.30252
-1.54931
-1.40207
-1.86843
-1.67568
-1.72257
-1.26054
-1.37506
-1.56704
-1.8475
-1.58957
-2.07132
-2.19649
-1.96181
-1.93077
-1.7018
-1.53721
-2.24792
-1.22202
-2.02275
-1.75075
-2.10521
-1.85046
-1.48419
-2.02091
-1.97309
-2.33172
-1.71641
-1.83714
-2.26498
-2.07841
-2.17528
-2.195
-1.72338
-1.79606
-1.58699
-1.85317
-2.12072
-2.49582
-1.14687
-1.28106
-1.25667
-2.48895
-2.30379
-1.52604
-2.41889
-1.98933
-2.03556
-2.34015
-2.10463
-2.37353
-1.55943
-2.08468
-2.7538
-1.61154
-1.70554
-1.83831
-1.99353
-1.79621
-3.02167
-2.10641
-2.08415
-2.02723
-1.6438
-1.80733
-1.81261
-2.34533
-2.38319
-1.61318
-2.30294
-1.75464
-1.4641
-2.05247
-2.49758
-1.5691
-1.86444
-1.44359
-1.83001
-1.62218
-2.29771
-2.24803
-2.03937
-1.73509
-2.13457
-2.37904
-1.54734
-2.05922
-1.69242
-1.11797
-1.69162
-1.95203
-1.84519
-1.74421
-1.61309
-2.30923
-2.12592
-2.30542
-2.01272
-2.42595
-2.11959
-1.66729
-1.39671
-1.69759
-1.50358
-1.90748
-2.18445
-1.92936
-2.40173
-2.25468
-1.78381
-2.20775
-2.3553
-1.95837
-1.71755
-1.97266
-1.88769
-1.93858
-2.34518
-2.10845
-2.05555
-1.93904
-1.51956
-1.93687
-1.3129
-1.83925
-2.415
-1.51269
-2.60636
-2.23256
-1.90788
-2.17422
-1.78416
-2.11089
-1.50269
-1.75518
-2.06843
-1.85071
-1.64224
-2.03492
-1.11389
-2.20537
-1.58174
-1.06171
-2.0396
-2.28502
-2.80345
-1.53538
-1.472
-1.98074
-2.19195
-1.76283
-1.79105
-1.69283
-1.53302
-1.77929
-2.33311
-1.65011
-1.49499
-2.04694
-1.80889
-2.20976
-1.58181
-1.84696
-1.17757
-2.09916
-2.62542
-1.82451
-1.8046
-1.49408
-1.65344
-2.40207
-1.71828
-1.96533
-2.01958
-1.39772
-2.01762
-1.80494
-1.97207
-2.19996
-2.45166
-1.6724
-1.6011
-1.6074
-1.97219
-1.41634
-1.75967
-1.96212
-1.44654
-1.75084
-2.34626
-1.85956
-2.13798
-1.97429
-1.89565
-1.64849
-0.94587
-1.84222
-1.71764
-2.10777
-1.95807
-2.10499
-1.77612
-2.07607
-1.99665
-1.6927
-2.58194
-1.32797
-1.64834
-2.18761
-2.59416
-2.16569
-2.07354
-1.59508
-2.16993
-1.92336
-1.62653
-2.63966
-2.23788
-2.22166
-2.37801
-1.54437
-2.17266
-2.0565
-1.85324
-2.07374
-1.08613
-1.57026
-2.55188
-1.82071
-2.21965
-1.66231
-1.7655
-2.09864
-2.06686
-2.01296
-1.71813
-2.05751
-1.92074
-2.3766
-1.91314
-1.75059
-1.993
-1.62367
-2.04001
-1.68752
-1.78923
-2.23109
-1.68451
-2.23614
-1.58463
-2.14127
-2.69195
-2.26927
-1.72392
-2.22625
-2.69296
-1.80754
-1.963
-1.44845
-1.75103
-2.31861
-2.09675
-1.81095
-1.76885
-2.35065
-1.48293
-1.7853
-1.72682
-2.03684
-1.50548
-2.03882
-1.87911
-1.78436
-1.68243
-2.21855
-2.35786
-2.41943
-1.9702
-2.14205
-1.77535
-1.49971
-1.79647
-1.69002
-1.79685
-1.919
-1.33933
-2.24985
-1.71977
-2.32805
-1.47572
-1.86304
-1.44393
-1.87856
-1.88447
-1.43304
-1.71502
-1.60899
-1.59341
-2.57006
-1.68123
-2.35586
-2.44744
-2.54637
-1.90077
-1.82531
-1.95515
-1.96285
-1.7395
-2.23458
-1.66519
-1.59539
-1.7019
-1.85704
-1.36413
-2.32815
-1.8876
-2.35547
-1.95886
-1.9116
-2.72483
-2.17969
-2.72421
-2.15971
-1.98195
-1.71221
-1.85987
-2.46312
-1.73943
-1.50065
-2.05405
-1.55176
-2.5784
-1.95564
-2.14569
-2.29592
-2.3135
-2.40196
-1.35149
-1.71344
-1.71752
-1.66177
-2.23405
-1.31458
-1.62627
-1.88932
-1.90733
-1.40492
-2.03878
-1.7352
-2.3765
-2.15433
-1.75402
-1.58937
-2.26631
-1.61807
-1.36647
-2.06442
-2.37837
-1.93511
-1.9354
-1.83287
-1.82024
-2.11792
-1.766
-1.65339
-2.2407
-1.17956
-2.02514
-1.76567
-1.52734
-2.01127
-2.35643
-1.85747
-1.54384
-2.24206
-1.94949
-2.30327
-2.27927
-1.0563
-1.8285
-2.14291
-1.88411
-1.21538
-2.19679
-1.70833
-1.40645
-2.01576
-1.98303
-2.2971
-2.01131
-1.73538
-1.77082
-2.41072
-1.64056
-1.84527
-1.97767
-1.91758
-1.65561
-1.47848
-1.80065
-1.98467
-1.47348
-2.05746
-1.65532
-1.85029
-2.03825
-1.82976
-1.46738
-1.85411
-2.26949
-1.98745
-2.6582
-1.78971
-2.21232
-1.10986
-1.96086
-2.0758
-1.67844
-1.25441
-2.28062
-1.19393
-2.00946
-2.19044
-1.66333
-1.4647
-2.59782
-2.33654
-2.0821
-2.087
-2.3727
-2.12326
-2.12137
-1.68221
-1.91172
-1.80623
-1.77961
-1.84421
-1.54776
-2.70317
-1.92999
-1.44323
-2.24479
-1.7148
-1.61349
-1.91068
-2.1585
-1.73556
-1.54264
-1.93626
-2.16986
-1.90285
-1.80998
-2.1083
-1.53735
-1.93906
-1.81173
-1.77243
-2.23213
-1.77176
-2.0393
-1.99227
-1.92912
-2.19608
-1.43452
-1.6387
-1.97324
-2.20689
-1.88223
-2.31517
-1.20313
-2.17086
-1.82127
-1.79432
-1.88443
-2.2079
-1.70222
-2.20347
-1.83203
-1.89967
-1.33655
-1.42877
-1.39137
-2.47836
-1.62612
-1.77307
-1.58765
-1.33638
-2.28081
-2.5037
-1.84768
-2.20364
-2.27494
-2.01213
-1.84283
-2.05226
-1.97181
-1.69843
-1.46631
-2.07333
-1.64173
-1.9775
-1.7263
-1.38135
-2.08948
-1.63259
-2.24358
-2.56487
-2.03377
-1.41076
-2.22367
-1.92163
-1.72759
-1.69304
-1.77515
-1.52497
-1.46144
-2.78981
-1.98744
-2.38363
-1.70138
-1.92696
-2.28789
-1.92696
-2.19781
-2.21386
-1.98855
-1.79424
-2.18381
-1.73048
-1.66908
-2.28733
-2.05948
-1.59891
-1.77688
-2.34779
-1.59082
-1.99879
-2.10273
-1.52269
-1.57437
-1.69787
-2.21643
-1.7802
-1.10472
-1.93506
-1.48391
-2.35547
-1.91939
-1.00564
-1.94459
-1.47883
-1.76758
-2.38751
-2.54858
-1.91007
-2.11488
-1.60418
-2.13262
-1.52469
-1.69827
-2.37239
-2.17229
-1.69525
-2.32181
-2.10523
-1.77508
-1.92131
-1.79534
-1.94155
-2.0129
-2.10261
-1.53041
-2.36392
-2.19133
-1.27526
-1.17869
-1.32396
-2.33854
-2.25765
-1.56879
-1.64847
-1.91362
-2.05752
-1.81271
-2.11512
-1.57249
-1.71091
-1.22634
-2.18691
-1.53882
-1.50095
-1.68117
-1.44941
-2.27103
-1.66494
-1.46953
-1.71006
-2.2901
-1.70811
-1.51922
-2.03942
-1.22764
-1.46693
-2.18703
-1.91339
-2.2135
-2.1627
-1.86828
-2.18832
-1.88162
-1.90797
-1.47769
-2.29664
-1.5881
-1.79774
-2.10807
-1.91133
-1.65221
-1.8846
-1.81318
-1.96736
-2.16842
-2.13923
-2.10039
-2.01166
-1.96971
-1.81412
-1.90432
-1.4245
-2.26984
-1.47373
-1.58112
-1.9314
-2.05886
-2.04605
-2.07161
-1.76079
-2.08604
-2.02693
-1.95648
-1.78537
-1.76592
-2.08878
-2.27778
-2.44576
-1.95198
-2.19767
-1.76659
-2.17399
-2.50712
-2.11135
-1.81742
-1.89973
-2.31069
-1.53735
-2.16139
-1.67799
-2.0511
-1.41987
-1.54421
-1.8154
-2.38719
-2.53448
-1.57973
-1.92717
-1.48215
-2.00244
-2.3706
-1.81151
-2.27543
-2.09685
-2.32519
-2.05586
-1.63189
-1.83562
-1.62063
-2.42391
-1.68346
-2.15664
-1.89333
-2.06726
-1.93557
-2.5845
-2.35158
-1.77614
-1.68327
-2.1877
-1.70503
-1.64936
-2.25539
-1.30711
-1.80153
-2.20459
-2.16792
-2.25402
-1.9799
-1.99369
-1.45961
-1.86096
-1.48655
-2.08373
-2.29306
-2.26206
-1.98285
-2.04677
-1.48007
-2.04027
-1.87548
-1.99129
-2.22756
-1.67256
-2.03341
-1.94485
-1.70838
-1.4153
-1.75833
-1.97173
-2.07692
-1.38242
-1.86262
-2.01176
-1.67306
-2.1748
-1.64079
-1.7754
-2.17945
-2.00639
-1.57554
-2.34177
-1.91094
-2.059
-2.06977
-1.5997
-1.86374
-2.09785
-2.28917
-1.22114
-1.58151
-1.99334
-1.93258
-2.25673
-1.68027
-2.03818
-1.59651
-1.66025
-1.62526
-2.08349
-1.74848
-1.74962
-2.36351
-1.62821
-1.47985
-2.34928
-1.79787
-2.25852
-2.40718
-1.83732
-2.43403
-2.03253
-2.06737
-1.30624
-1.79031
-2.06288
-1.3925
-2.33429
-2.17481
-1.75834
-2.00944
-1.86948
-1.52425
-1.80441
-2.19194
-1.87455
-2.8376
-1.91015
-1.87838
-2.08432
-1.96572
-2.41655
-2.10515
-1.28777
-2.02771
-1.96285
-2.09893
-1.49119
-1.69854
-1.6397
-2.19863
-1.70089
-1.67416
-1.83882
-2.489
-1.68452
-1.64785
-1.8585
-1.89321
-1.6909
-1.91106
-1.59357
-1.77529
-1.9238
-2.04862
-2.62475
-1.8858
-1.62439
-1.9796
-2.02273
-2.0642
-1.72321
-2.23035
-2.16005
-1.51788
-2.26769
-2.111
-2.07868
-2.18174
-1.53245
-2.34607
-1.51536
-1.57929
-2.49226
-2.20441
-2.55027
-2.61654
-1.91423
-1.53195
-1.48884
-2.1061
-2.34225
-1.7532
-1.71864
-1.90078
-2.34554
-1.953
-2.50066
-1.6607
-1.39723
-2.06234
-1.87415
-2.01434
-1.87723
-2.42178
-1.84188
-1.82089
-1.08571
-2.01285
-2.01609
-1.89779
-1.80195
-2.05994
-2.17013
-1.92506
-1.66452
-2.25129
-1.68648
-1.37804
-1.98299
-1.67095
-2.14135
-1.63435
-1.90953
-1.76599
-1.73727
-1.7189
-2.14927
-2.00359
-2.03835
-2.26863
-1.9753
-1.3919
-1.931
-1.85795
-1.40164
-1.78324
-1.69375
-1.99365
-2.45188
-1.90824
-1.75618
-1.88356
-1.6677
-1.84203
-1.5966
-2.24278
-2.42298
-2.0108
-2.25493
-1.47207
-1.9582
-2.04483
-1.95043
-2.24285
-1.33059
-1.72319
-2.09761
-1.17868
-1.72267
-1.75307
-1.59975
-1.69427
-1.89489
-1.60962
-1.58606
-1.95523
-1.60037
-1.40781
-2.18876
-2.46274
-2.64625
-1.83698
-2.44822
-1.94166
-2.07098
-1.799
-2.16605
-1.81311
-1.50001
-1.91112
-1.96597
-1.53538
-2.19028
-2.4918
-2.06012
-2.16529
-2.09209
-1.68896
-2.87183
-1.93286
-1.70637
-2.11246
-1.81128
-1.60936
-1.78207
-1.32208
-1.60805
-1.64887
-1.66216
-2.07681
-1.07824
-1.68459
-1.50225
-1.23465
-1.63811
-2.44315
-2.12891
-1.63104
-2.04051
-2.20996
-2.03959
-1.73307
-1.76826
-1.92933
-2.02021
-2.11845
-1.77537
-2.23078
-1.72343
-1.8437
-2.07672
-1.51422
-1.48257
-1.87656
-1.82324
-2.00925
-1.36012
-1.69424
-1.89638
-1.5884
-2.04632
-1.93148
-2.07503
-1.99541
-2.53237
-1.65176
-1.25616
-1.51555
-1.91847
-1.94921
-1.58469
-2.11487
-1.63188
-1.79599
-1.84518
-2.42445
-2.58341
-1.96736
-2.11289
-1.76722
-1.96047
-1.44588
-2.28438
-1.70735
-1.79267
-2.18248
-1.37871
-1.81281
-2.16672
-1.54816
-1.75162
-1.81102
-1.86857
-2.29014
-1.85779
-2.0812
-1.92577
-2.10973
-1.79366
-1.59155
-2.19668
-2.10191
-1.92797
-1.58467
-1.54353
-1.70356
-2.01494
-1.99985
-1.73179
-2.16676
-1.99167
-1.74864
-2.23124
-1.80039
-2.30099
-2.06044
-1.96922
-1.72323
-1.74922
-1.95919
-2.06309
-2.12885
-2.02201
-2.29582
-1.83032
-1.76144
-2.20352
-1.99247
-1.9222
-1.66556
-2.27084
-1.9012
-1.56717
-1.75614
-2.23247
-1.55749
-2.18411
-2.02701
-2.03031
-1.58797
-1.58641
-1.99364
-2.13645
-2.84932
-1.92697
-1.88114
-1.80847
-1.59299
-2.11004
-1.81745
-1.47502
-2.26276
-1.53733
-2.76051
-2.07369
-2.15933
-1.72251
-1.71426
-2.02989
-2.2571
-1.75933
-1.35514
-2.02472
-2.05148
-1.56541
-1.78797
-1.96498
-2.12593
-1.3586
-1.82306
-1.62858
-1.81638
-2.04505
-1.72644
-1.99759
-2.32811
-1.03391
-1.59675
-2.10631
-1.67059
-2.11424
-2.12534
-2.15358
-1.68588
-1.87846
-1.39627
-1.86289
-1.98952
-1.02043
-1.70995
-2.09942
-1.9286
-1.87228
-2.03027
-2.19065
-1.95332
-1.92353
-1.63342
-2.49568
-1.10203
-2.08297
-2.16554
-1.66508
-1.93124
-2.0446
-2.68925
-2.27573
-1.73474
-2.01893
-2.17618
-2.25164
-1.92943
-2.16045
-1.94731
-1.94714
-2.07575
-1.89514
-1.59415
-2.047
-1.8869
-2.18374
-2.01105
-1.84873
-1.75529
-2.78873
-1.94634
-1.15087
-1.69846
-1.40441
-1.98494
-1.63193
-1.93077
-2.15628
-1.65585
-1.65393
-1.67854
-2.53247
-2.06854
-1.67261
-1.87516
-2.10361
-1.7977
-2.51651
-2.08508
-2.20208
-1.94259
-2.08057
-1.98822
-1.83791
-2.1746
-2.18142
-1.76486
-1.61653
-1.70128
-1.55985
-1.76032
-1.7919
-2.37878
-1.75867
-2.03898
-2.2191
-1.48003
-2.01099
-1.90987
-2.15345
-2.38669
-2.08675
-1.43138
-1.79572
-1.56613
-1.9031
-1.72892
-1.80484
-1.85617
-2.0433
-1.74125
-1.86942
-1.71135
-1.48755
-1.45762
-2.11509
-1.82073
-1.80322
-1.72549
-1.6381
-1.94702
-1.45247
-2.4257
-1.60868
-1.82905
-2.30416
-2.12819
-1.63229
-1.92339
-2.10273
-1.9962
-2.39932
-1.76532
-2.51282
-2.12237
-1.81581
-2.03539
-2.08993
-2.29471
-1.93328
-2.08967
-2.02864
-2.36932
-2.02901
-2.49965
-1.7066
-1.87419
-1.9113
-2.22701
-2.16684
-1.6349
-1.83472
-1.46614
-2.06078
-1.71506
-1.65338
-2.12082
-1.82318
-2.05984
-2.03346
-1.76191
-1.79855
-1.67824
-1.5913
-1.81579
-1.60418
-2.17984
-1.73167
-1.93301
-2.26739
-1.9834
-2.05988
-1.90463
-2.26604
-2.19991
-1.76759
-2.21794
-1.96833
-1.99994
-1.88575
-1.69259
-2.24088
-1.92774
-2.43213
-1.97777
-1.44616
-1.99584
-1.68484
-1.90999
-1.72321
-1.83769
-2.43299
-2.34826
-2.01719
-1.72028
-2.18617
-2.28914
-1.82314
-2.13066
-2.00225
-1.80529
-2.55498
-2.00586
-2.74964
-1.65958
-1.73911
-1.63685
-1.81952
-2.20632
-2.45644
-1.51867
-2.19181
-1.60016
-1.63424
-2.42508
-1.9312
-2.31482
-1.41805
-2.43795
-1.90127
-1.82807
-2.53932
-1.81976
-1.92763
-1.78915
-1.62585
-2.09688
-1.91015
-1.51374
-2.49695
-1.77718
-2.2842
-1.86301
-1.47093
-1.88657
-1.3646
-1.94551
-2.0859
-1.48912
-2.37983
-1.98999
-1.84175
-1.7338
-2.31123
-2.06003
-1.85777
-1.99456
-1.87277
-1.88253
-1.44468
-1.82264
-1.48133
-1.96538
-1.29545
-1.31319
-1.6638
-1.45519
-1.92871
-2.10358
-1.0887
-1.90399
-1.85479
-2.48221
-1.8706
-2.12128
-1.43458
-1.74312
-1.59204
-1.93379
-2.1849
-1.56088
-2.21009
-2.08804
-1.89647
-2.33669
-2.34012
-1.62273
-1.24822
-1.84266
-1.81337
-2.18698
-1.75324
-2.46827
-1.9527
-2.31056
-1.87979
-2.19457
-1.98211
-1.78305
-2.03477
-2.39575
-2.14851
-1.5369
-1.43578
-1.70954
-1.77575
-2.04704
-1.86463
-1.96324
-2.3067
-1.31059
-2.27805
-1.59319
-1.86697
-1.87329
-2.04191
-1.94421
-1.90893
-2.28637
-1.69298
-2.52247
-2.28757
-2.52342
-2.08673
-2.19002
-2.30316
-1.02471
-1.66562
-2.22115
-1.92447
-1.61277
-1.74793
-1.56171
-1.86243
-1.35102
-2.00308
-2.2291
-1.82179
-1.46126
-1.36776
-2.32409
-2.2323
-2.30853
-2.06118
-1.71795
-2.30521
-2.48936
-2.21283
-2.26274
-1.38772
-2.12124
-2.04515
-2.02308
-2.36559
-1.7814
-1.40359
-1.60492
-1.70108
-2.44635
-1.90808
-1.81852
-1.87472
-1.63561
-2.35429
-2.24271
-1.2592
-1.94208
-2.51467
-1.92352
-1.89019
-2.74659
-1.64184
-1.58132
-2.01665
-1.72204
-1.87365
-1.92175
-1.6456
-1.99805
-2.07208
-2.55447
-2.12298
-2.07641
-1.79599
-1.74628
-1.66799
-1.7494
-1.59212
-1.51449
-1.74713
-1.69745
-1.60372
-1.43056
-2.11745
-1.78135
-1.67431
-1.81964
-2.36307
-1.7156
-1.40881
-2.32938
-1.81738
-1.94223
-2.23545
-1.85769
-1.33286
-2.01963
-1.78107
-2.46867
-2.40183
-2.15878
-2.36569
-1.76239
-2.04363
-1.95685
-2.54435
-2.26346
-1.78169
-1.89662
-2.2876
-1.69932
-1.8053
-1.56423
-2.00804
-2.23202
-1.58352
-1.39831
-2.23281
-1.38438
-1.74567
-1.87373
-1.61386
-2.22784
-2.19758
-1.94357
-2.33668
-1.94917
-1.88416
-1.89671
-2.33216
-1.7779
-1.96178
-1.59784
-1.95919
-2.15373
-1.84668
-1.72278
-1.02707
-1.87731
-2.34271
-2.0423
-1.8169
-1.2806
-1.76242
-1.82868
-1.66004
-1.97511
-2.42895
-1.8761
-1.79919
-2.10428
-1.32186
-1.84377
-1.67402
-1.91395
-1.5918
-1.56994
-1.60377
-2.29688
-1.77506
-1.93317
-1.28127
-1.74593
-1.81424
-1.23081
-1.9878
-2.1762
-2.45812
-1.69704
-1.87593
-1.99068
-1.56344
-2.25309
-1.76978
-1.6043
-2.32017
-2.13676
-1.86451
-2.59155
-2.07994
-1.9544
-1.80592
-1.88487
-2.44775
-2.22739
-1.67676
-2.63875
-1.85841
-2.09141
-1.80669
-1.05339
-2.03132
-2.13604
-2.34592
-1.82137
-1.70762
-2.08254
-1.9122
-1.54605
-1.76324
-2.0901
-1.45551
-1.62853
-2.13029
-2.32039
-1.72764
-2.20966
-1.74338
-1.15216
-2.14133
-2.26766
-1.31166
-2.19886
-2.14324
-2.03643
-1.71468
-1.80794
-1.43897
-1.9623
-1.51126
-1.90003
-1.84711
-2.05515
-2.46081
-2.3392
-1.99541
-1.12997
-1.44096
-1.71419
-1.34832
-1.91927
-1.78863
-1.71499
-1.658
-1.73925
-2.17405
-2.08072
-1.56289
-2.50126
-2.08903
-1.93813
-1.62744
-2.24843
-1.82425
-2.03492
-1.95196
-1.44337
-1.97876
-1.65922
-1.77532
-1.67888
-1.48097
-1.62227
-2.15706
-1.86421
-1.69709
-1.74838
-1.84868
-2.25618
-1.98384
-1.74593
-1.69557
-1.2108
-2.07617
-1.76852
-1.6158
-1.76149
-2.34542
-1.78273
-2.1074
-1.70505
-2.17004
-1.61214
-2.31254
-1.78076
-1.6345
-1.38146
-1.59255
-1.61254
-1.63596
-2.17652
-2.3509
-2.26994
-1.61058
-2.60898
-2.31267
-1.97977
-1.84255
-2.23813
-1.78029
-1.88178
-2.0435
-1.45059
-1.46482
-1.69201
-2.60937
-2.12287
-1.86763
-2.06389
-2.31056
-1.79594
-1.98492
-2.15143
-1.67054
-2.08666
-1.63598
-1.83818
-2.16691
-1.94492
-1.82364
-1.75575
-2.14922
-1.83301
-1.58589
-1.88915
-1.99279
-2.58753
-1.81054
-0.95254
-1.65249
-1.60351
-1.80763
-2.25092
-2.08455
-1.22408
-1.9334
-1.43084
-1.77158
-2.68005
-1.99388
-2.06332
-1.9581
-2.08809
-1.85925
-1.41357
-2.49737
-2.37808
-1.94873
-2.03699
-2.04502
-1.11433
-1.94531
-1.70942
-1.36756
-1.56341
-1.8454
-1.78858
-1.80045
-2.48368
-1.74343
-1.27593
-1.57936
-1.60617
-1.83481
-1.88663
-1.45617
-2.34127
-1.99682
-1.88381
-1.81303
-2.05945
-1.96431
-2.45615
-2.29239
-2.27385
-1.9122
-2.25426
-1.87003
-1.68359
-2.40615
-2.2271
-2.02505
-1.49285
-1.99527
-2.16203
-1.80515
-2.24422
-1.9247
-2.1821
-2.00683
-1.57165
-1.71595
-1.82381
-2.20148
-1.77585
-1.93528
-1.89063
-2.0288
-1.82377
-1.90866
-1.32925
-1.74955
-2.37302
-1.61874
-1.9731
-1.89032
-2.42906
-1.90535
-1.77907
-1.95911
-1.98788
-2.00761
-2.05324
-2.44611
-2.10343
-1.90209
-1.91913
-1.72563
-2.08596
-1.74873
-2.89239
-2.14581
-1.74846
-1.67662
-2.00658
-1.98111
-2.15145
-1.99101
-1.54426
-1.87379
-2.06796
-2.56617
-2.07758
-2.06665
-1.46735
-2.41862
-2.0783
-1.34803
-1.72146
-1.56358
-2.04925
-2.19693
-1.38269
-2.08782
-1.76861
-2.13716
-1.7063
-1.89087
-1.96009
-1.89966
-1.82224
-2.00145
-1.67494
-1.39721
-2.0622
-1.39473
-2.57039
-2.08525
-1.91835
-2.1147
-1.80257
-2.53699
-1.97328
-1.65885
-1.99772
-1.43413
-2.01246
-1.25762
-1.76584
-2.6521
-1.87311
-2.22917
-1.855
-2.136
-1.30964
-2.34961
-1.65354
-1.37567
-1.38557
-2.01883
-1.98703
-2.01964
-1.87658
-1.85158
-1.7509
-2.08431
-1.54139
-1.98634
-1.96918
-1.67016
-1.57353
-2.20699
-1.42713
-2.09013
-1.36897
-2.3066
-1.52435
-2.01803
-1.67893
-1.81853
-2.58345
-2.18163
-2.38002
-2.04658
-2.03068
-1.64963
-2.49298
-2.30681
-1.56443
-2.79763
-1.84837
-1.87888
-1.21404
-2.05333
-1.76408
-2.07748
-1.9292
-1.90616
-2.05991
-2.14125
-1.6389
-1.03117
-2.0717
-1.96484
-1.81643
-1.47216
-1.91724
-2.73086
-1.83565
-2.08202
-2.12009
-1.73962
-1.93573
-1.99081
-2.32257
-2.6821
-1.57688
-2.04448
-1.91103
-2.22165
-1.69779
-2.03129
-1.39686
-1.93929
-1.73679
-1.82679
-1.84929
-1.52155
-1.43495
-1.6388
-1.98877
-1.98662
-2.47965
-1.67908
-2.01897
-1.83098
-1.7063
-1.95948
-1.89411
-1.81397
-1.89802
-2.02935
-1.22023
-1.84875
-1.77256
-1.27444
-2.44335
-2.2992
-2.36173
-1.77634
-2.0721
-1.72725
-1.64561
-2.2524
-2.05534
-1.78182
-2.18488
-1.72204
-2.07557
-1.7303
-2.49539
-1.60684
-2.1458
-1.66553
-1.67593
-2.33023
-1.41033
-2.17406
-1.87552
-2.27937
-1.97444
-2.00193
-2.68928
-2.06244
-1.61849
-2.24568
-2.3266
-2.03957
-1.52374
-1.85195
-1.43284
-1.79929
-1.47499
-2.25294
-1.90196
-1.34598
-1.90864
-2.02144
-2.36205
-1.65468
-1.95111
-1.6899
-1.79303
-2.07219
-1.79951
-1.48677
-2.34599
-1.48859
-1.79005
-2.01417
-2.05166
-1.4691
-1.61038
-1.35833
-1.74203
-1.9248
-1.78164
-2.67101
-1.63079
-1.40911
-1.75844
-1.86717
-1.61081
-2.12688
-2.07218
-2.04834
-1.69228
-1.65623
-1.94624
-1.67094
-1.79936
-1.58352
-2.09975
-1.98452
-2.04139
-2.31616
-2.42071
-1.37344
-1.73042
-1.99862
-1.75628
-1.24652
-2.34178
-1.99944
-1.74298
-2.0447
-2.03813
-1.87635
-1.82964
-2.08359
-2.00418
-1.842
-1.43898
-2.38311
-1.766
-1.72148
-1.45387
-2.19961
-2.28864
-1.54548
-1.9492
-1.786
-1.59809
-2.40249
-1.67089
-1.41282
-1.03253
-1.82474
-1.76413
-1.92134
-1.90984
-1.80281
-1.75275
-2.1378
-2.35441
-1.98702
-2.07861
-2.20943
-1.61557
-2.11825
-1.34469
-2.23848
-1.98827
-2.20763
-2.08337
-2.11702
-1.33518
-2.15734
-1.92748
-1.60019
-1.88368
-2.09447
-1.83872
-2.36801
-2.03236
-1.97647
-1.86705
-2.52134
-1.5665
-2.28768
-1.69364
-2.26681
-2.19845
-2.35698
-2.26554
-1.57461
-1.84469
-2.13571
-1.63689
-2.30573
-1.85126
-2.01955
-2.69762
-2.19207
-2.36879
-2.25847
-1.88438
-1.34512
-2.33131
-1.33347
-1.63129
-2.14374
-1.95237
-1.93188
-1.45104
-1.67274
-1.59448
-2.07886
-2.24325
-2.4042
-2.16844
-2.34365
-1.60173
-2.31143
-2.26956
-1.38966
-2.15903
-2.1073
-1.95227
-1.79191
-1.68401
-1.48551
-1.51966
-1.56514
-1.51282
-1.6231
-1.57325
-1.69936
-2.03474
-1.55286
-1.85139
-1.7052
-2.1754
-1.7737
-2.06063
-2.08447
-1.93111
-2.00239
-1.99463
-1.932
-0.91176
-1.99334
-2.13878
-2.37664
-1.84859
-1.89422
-1.99169
-1.30309
-0.93857
-1.6831
-2.36714
-1.31291
-1.77894
-2.57977
-1.58692
-2.2094
-1.69377
-2.03395
-1.91452
-1.86015
-1.97366
-1.7499
-2.09787
-2.05426
-1.64242
-1.79404
-1.77168
-1.86352
-2.33631
-1.95708
-2.17577
-1.96046
-2.04754
-2.00834
-2.53241
-2.20284
-1.56162
-2.30518
-2.1168
-2.16889
-1.93164
-2.32303
-2.02444
-1.75154
-1.52518
-1.68333
-2.02378
-1.34528
-2.27214
-1.59823
-1.79078
-2.19122
-1.95024
-1.95904
-1.73303
-1.50291
-1.59781
-2.20262
-2.36625
-2.0769
-2.07779
-2.37191
-1.58885
-1.19674
-2.16335
-1.60059
-2.57908
-2.29837
-1.28157
-1.82845
-2.1971
-1.96086
-1.64641
-2.0134
-1.8507
-1.72169
-2.37161
-2.40867
-1.83515
-2.24136
-1.94392
-1.75249
-2.11971
-1.91973
-2.37451
-1.88103
-1.96479
-1.73721
-1.36209
-2.14852
-1.67928
-1.93367
-2.23028
-1.5625
-2.35095
-2.28601
-1.94518
-1.97263
-1.79659
-2.00886
-2.19818
-2.04949
-1.66013
-1.35701
-1.99551
-2.27508
-2.16291
-2.18066
-2.37422
-2.21285
-1.8301
-1.74687
-1.42809
-1.82446
-1.68143
-2.12466
-1.56996
-1.28094
-1.92749
-2.67032
-1.8363
-2.24797
-2.03818
-1.81287
-1.52996
-2.24301
-1.84088
-2.1102
-2.23704
-1.98896
-2.32574
-2.01909
-2.3924
-2.1903
-2.11646
-1.73607
-1.98189
-1.31445
-1.60964
-2.72596
-2.39721
-2.21322
-1.64405
-1.8502
-1.89
-2.08203
-1.61595
-1.81478
-1.92811
-1.82321
-1.79197
-2.30243
-2.49335
-2.76198
-1.89409
-2.33582
-1.76296
-1.812
-2.23979
-1.73728
-1.43096
-1.97126
-1.53761
-1.5562
-2.3973
-1.77439
-2.28045
-1.92535
-1.61587
-1.78435
-1.95255
-1.89562
-2.26131
-1.62658
-2.14142
-1.88838
-2.29313
-1.63865
-2.23029
-1.65703
-1.9669
-2.44065
-2.10516
-1.63499
-1.96042
-1.4883
-1.67068
-1.63801
-1.09824
-2.12642
-1.71039
-2.04028
-2.34968
-1.74115
-2.04472
-1.87039
-1.88917
-1.8361
-1.25159
-1.80657
-2.40808
-1.86632
-2.57332
-1.68936
-1.67883
-1.40233
-2.22014
-1.81767
-1.73705
-2.01169
-2.34899
-1.66764
-1.7804
-2.31307
-1.61689
-2.28101
-1.8586
-2.18171
-1.83767
-1.75433
-2.21384
-1.42545
-2.41502
-1.82492
-1.51873
-1.57341
-1.80237
-1.3263
-1.84192
-1.94237
-1.75378
-2.12365
-2.01043
-1.99192
-1.62284
-2.00344
-1.52637
-1.96399
-2.13141
-1.4183
-2.14336
-1.44827
-1.6596
-2.11182
-1.87512
-1.65181
-2.23226
-1.51051
-1.96438
-1.72202
-2.27016
-2.53062
-2.53536
-1.52988
-1.79604
-1.3341
-1.64267
-2.14659
-1.80705
-1.83298
-1.99527
-1.20059
-1.86603
-2.02926
-1.59947
-1.618
-2.20498
-1.92296
-2.07605
-2.06925
-1.701
-2.21707
-1.74142
-1.87293
-1.9702
-1.92108
-2.3879
-1.53759
-1.92044
-1.8384
-1.88703
-1.41067
-1.58786
-1.67972
-2.17784
-1.40255
-2.05023
-2.22896
-1.81345
-1.37259
-1.78093
-1.78387
-2.30664
-1.87238
-1.76664
-2.1881
-2.49375
-2.01949
-1.66227
-1.58245
-1.16005
-1.64857
-1.85553
-1.49123
-1.80406
-1.92619
-2.40846
-1.9323
-2.20159
-2.07138
-1.81941
-2.1502
-1.28786
-2.40389
-1.93578
-2.13168
-2.1695
-1.94314
-2.37451
-1.76065
-2.11205
-2.27401
-1.7565
-1.12792
-2.06575
-1.84342
-1.11567
-1.75247
-1.68571
-1.43565
-1.70257
-1.67019
-2.00423
-2.37751
-1.92372
-0.88435
-1.36279
-1.7565
-2.19337
-1.39469
-2.08138
-1.86349
-2.20562
-1.58513
-1.80965
-2.13654
-2.00261
-1.9211
-1.91767
-1.39094
-1.5468
-2.20148
-2.05981
-2.3877
-1.74851
-2.14038
-1.0616
-1.6358
-2.6359
-1.63183
-2.05998
-2.23454
-1.16944
-2.11084
-1.6069
-1.96973
-1.72604
-1.53973
-2.24219
-1.88215
-2.15967
-1.96205
-1.82739
-1.95713
-1.89465
-2.09688
-1.40082
-1.97613
-1.77275
-2.04423
-2.24136
-1.40461
-1.69144
-2.11339
-1.58381
-2.57547
-1.76065
-1.83724
-2.13263
-2.55379
-2.11992
-1.81852
-2.08415
-1.98503
-1.16328
-2.4782
-1.54311
-2.34273
-2.11281
-1.77972
-1.47639
-1.99132
-1.94025
-1.40411
-1.95984
-1.83738
-1.85533
-2.66595
-2.3774
-1.6513
-1.64638
-1.81481
-1.86126
-1.84893
-2.29606
-1.5905
-1.57623
-1.70579
-1.89582
-1.98585
-1.92442
-1.9863
-1.33597
-1.66629
-2.11187
-2.0012
-1.2325
-1.7986
-1.22474
-2.02928
-2.34828
-1.77618
-1.68105
-1.42557
-2.56328
-1.98594
-1.65798
-1.1113
-1.90552
-1.6797
-2.04921
-1.99451
-2.15956
-1.432
-1.79832
-1.3323
-1.48467
-1.56498
-2.12463
-2.10957
-2.19092
-1.65261
-2.00486
-1.78919
-1.77123
-2.13195
-2.32085
-1.64627
-1.92737
-1.60131
-1.73401
-2.22474
-1.7225
-2.4503
-1.98696
-2.24282
-2.20333
-2.01534
-1.76029
-2.29435
-2.38025
-1.80882
-2.08984
-1.45003
-1.9863
-2.20427
-1.30344
-1.64903
-1.84222
-1.8854
-1.42783
-2.63558
-1.99235
-1.96908
-1.40178
-1.67322
-1.53853
-1.90112
-1.99782
-1.942
-1.50253
-2.13425
-1.98669
-2.00362
-2.6017
-1.9846
-1.75896
-1.3822
-1.56659
-1.77483
-2.29317
-1.176
-1.73656
-1.92855
-1.75693
-2.40127
-1.56806
-1.69653
-1.50175
-2.48909
-1.91618
-1.36654
-1.21002
-2.16713
-1.61307
-1.5632
-1.91201
-1.90123
-1.79865
-2.08861
-1.91702
-1.42825
-1.96251
-2.08887
-1.81784
-2.02406
-1.79631
-2.07577
-1.92402
-1.58869
-2.05273
-1.45045
-1.17775
-1.78962
-1.98015
-1.99831
-2.1436
-2.00051
-1.66544
-1.80104
-1.92999
-2.09017
-1.90405
-2.24532
-1.5842
-1.74662
-1.70222
-1.96122
-1.82466
-2.30543
-1.82606
-1.36638
-1.3464
-1.71691
-2.43705
-2.02532
-1.84077
-1.73936
-1.09285
-2.15797
-2.12953
-1.71355
-1.71105
-2.01801
-1.4757
-1.97137
-2.59408
-2.02232
-1.56769
-1.87221
-1.8197
-1.22029
-2.18657
-1.42834
-2.00109
-1.41234
-2.20756
-1.88103
-1.86313
-2.34889
-2.13222
-1.74813
-1.68454
-2.01227
-2.07283
-2.09461
-1.9635
-2.01521
-2.29402
-1.49698
-2.0551
-1.9207
-2.4002
-1.76672
-2.1218
-1.7383
-1.67362
-2.03214
-1.48211
-1.62285
-1.5841
-2.07654
-1.84712
-2.12342
-1.7051
-1.71077
-1.88434
-2.09465
-1.52228
-1.78093
-1.53788
-2.32052
-2.13507
-2.15205
-1.90645
-2.00901
-1.64221
-1.69553
-1.5148
-2.7352
-1.46668
-1.42488
-1.84155
-1.75106
-1.29175
-2.0115
-1.74147
-1.53674
-1.5227
-1.61487
-1.9158
-2.03704
-2.40023
-1.54556
-1.58182
-2.0537
-1.52449
-1.57392
-1.58834
-2.6326
-1.88569
-1.6175
-1.32855
-1.63826
-2.01622
-1.95469
-1.64571
-2.08824
-1.62899
-1.31228
-2.4495
-2.18649
-1.72087
-1.62217
-2.12172
-2.15076
-1.28751
-1.97624
-1.88058
-1.46989
-1.97949
-2.11607
-1.72448
-1.24941
-1.57327
-2.28711
-1.57328
-1.99216
-1.3808
-1.77423
-2.06682
-2.2383
-0.7985
-1.73986
-2.08963
-1.91444
-1.69281
-2.13675
-1.97549
-1.78789
-1.78436
-2.23151
-1.61046
-1.79367
-1.83632
-2.22318
-1.38454
-2.81057
-2.07448
-2.15058
-2.14663
-2.14801
-2.10479
-2.03196
-2.15173
-1.31136
-1.91838
-1.36372
-2.01661
-1.61599
-1.83146
-2.19842
-2.53113
-1.93056
-1.66613
-1.88395
-1.56779
-1.74479
-1.50226
-1.92844
-1.66829
-2.42617
-2.26246
-2.59497
-1.53791
-1.88371
-1.84122
-2.20982
-1.70146
-2.11402
-1.98508
-1.63413
-1.25258
-1.87143
-2.08736
-1.95023
-2.37731
-1.64527
-2.51639
-1.98852
-2.04686
-1.41555
-2.13014
-1.39551
-1.71511
-2.13627
-2.35898
-2.11536
-1.56604
-2.27999
-1.23838
-1.77496
-1.62558
-1.7131
-2.14253
-1.95739
-1.83394
-1.96049
-1.44827
-2.10862
-2.14336
-2.21155
-1.9222
-2.29851
-1.72136
-1.62084
-2.25015
-1.80632
-1.42518
-1.07804
-2.00636
-1.25424
-1.71297
-2.07216
-2.4159
-1.87823
-2.11851
-1.9045
-1.57129
-1.42079
-1.92415
-2.30952
-1.81659
-2.29007
-1.93812
-1.88838
-2.08344
-1.59177
-2.11728
-2.01853
-2.88873
-2.0446
-1.66598
-2.00275
-1.74267
-1.83124
-2.06747
-2.37131
-1.77073
-2.29889
-2.46076
-2.02123
-2.0175
-1.87447
-1.95696
-2.28879
-1.35744
-1.98566
-1.96792
-1.5896
-2.25975
-2.78579
-1.77342
-1.87463
-2.29152
-2.18628
-1.69036
-2.03149
-1.60444
-2.00801
-2.02221
-2.14138
-2.19316
-1.83185
-1.68891
-2.26954
-2.02088
-2.16818
-2.18209
-1.15834
-1.98802
-1.60492
-2.00116
-1.88579
-2.0048
-1.57739
-1.82106
-1.56304
-2.02492
-2.02354
-2.00185
-2.34579
-1.32003
-2.28088
-1.51756
-1.94773
-1.57388
-1.44711
-1.96991
-2.44057
-2.2082
-2.75989
-1.23311
-2.1324
-1.55787
-1.52982
-1.89624
-1.83589
-1.4212
-1.64656
-1.73635
-2.0538
-1.60839
-1.41767
-1.84868
-1.70523
-1.93586
-1.67118
-1.40723
-1.94174
-1.73916
-1.95722
-1.84553
-2.46375
-2.00252
-2.0627
-1.25898
-2.11425
-1.70066
-2.04367
-1.68231
-1.30303
-1.73622
-2.12706
-1.89407
-1.6072
-2.21379
-1.96782
-2.27825
-2.79157
-1.89354
-1.30679
-1.85811
-1.98457
-1.51683
-1.99161
-1.7537
-2.2255
-1.81774
-1.88261
-1.94778
-1.62698
-2.27762
-2.12724
-1.91861
-1.5221
-1.87379
-1.88841
-2.15974
-2.12283
-2.49686
-1.73059
-2.6644
-1.83502
-1.79395
-1.86711
-1.62832
-2.45016
-1.87321
-2.05839
-1.7001
-2.36764
-2.3663
-1.49036
-1.41442
-1.90731
-1.69666
-1.73336
-1.8842
-1.46522
-1.32212
-1.70445
-2.29521
-1.86686
-1.88387
-2.32022
-1.81922
-1.49668
-2.66723
-1.63411
-1.91973
-1.44845
-1.90394
-2.34042
-1.57727
-1.62835
-1.68582
-2.52936
-2.11005
-1.84756
-1.7709
-1.59305
-1.32208
-1.75997
-2.69258
-1.92482
-1.69223
-2.04473
-1.11727
-2.63593
-1.73356
-2.06999
-1.96297
-1.64456
-1.68096
-1.44216
-1.94506
-2.34573
-1.73404
-1.36081
-1.65479
-2.37035
-2.05248
-1.98633
-2.05632
-1.87927
-2.12733
-1.97096
-1.79726
-1.72068
-1.83907
-1.69138
-1.29784
-1.84673
-1.69678
-2.33567
-1.84445
-1.74768
-2.29685
-1.60086
-2.04004
-1.49417
-2.23338
-2.24068
-1.39781
-1.37391
-2.25211
-2.18039
-2.25715
-1.42972
-2.19362
-2.08464
-1.74665
-1.76932
-1.43096
-1.78752
-2.25692
-1.91011
-1.94239
-1.70296
-2.22303
-1.8522
-2.62898
-2.09028
-2.19554
-2.09588
-1.61203
-1.79689
-2.60311
-2.30008
-2.25932
-1.79739
-1.51323
-1.94917
-2.18442
-1.67607
-1.71958
-1.5823
-1.59662
-1.73817
-1.27569
-2.2502
-2.42857
-1.88468
-2.47885
-2.07509
-1.77088
-2.03878
-1.39251
-2.10762
-2.03314
-2.12959
-2.62006
-1.92065
-2.31903
-2.0345
-1.91885
-1.73401
-1.57114
-1.62394
-1.98413
-2.26491
-2.87046
-2.03611
-1.66993
-1.99554
-1.78886
-1.979
-1.98428
-2.48484
-2.09995
-2.48468
-1.82202
-1.82304
-1.93463
-1.44869
-1.56271
-1.95179
-2.12196
-1.58796
-1.88708
-1.60056
-1.85839
-1.97571
-2.03329
-1.63631
-1.38359
-2.03796
-1.43324
-1.25502
-1.78983
-2.24918
-1.53511
-1.37559
-1.24823
-2.4263
-1.63342
-1.86218
-2.2292
-1.45697
-2.05484
-1.59711
-2.19847
-1.68974
-1.75605
-2.24198
-1.69696
-1.93487
-1.96726
-1.51125
-1.86911
-1.94535
-1.94403
-1.80688
-1.51225
-1.88939
-1.95944
-1.92627
-1.99913
-2.20587
-1.22102
-2.00786
-2.0484
-2.12326
-1.9005
-2.10534
-1.23012
-2.02642
-2.12418
-2.03893
-2.30165
-2.30017
-1.93355
-1.73089
-2.3123
-1.88759
-1.98295
-2.58591
-1.6679
-1.8993
-2.19702
-2.24092
-2.16606
-1.54309
-1.79216
-2.19425
-2.03868
-1.84824
-2.0115
-2.00959
-2.37698
-1.74125
-1.83331
-1.89456
-1.28279
-1.33045
-1.95302
-2.10149
-2.05056
-1.97749
-1.46868
-1.23858
-1.63905
-1.6532
-2.69029
-1.43886
-1.82493
-1.54608
-2.32537
-2.34566
-1.98209
-2.07906
-2.04867
-1.5054
-1.87231
-1.45849
-1.81854
-2.11578
-1.45099
-1.77427
-1.92157
-1.5201
-2.66101
-2.06465
-2.17316
-1.84
-1.97937
-1.95198
-1.87611
-1.6201
-2.16481
-1.57998
-1.77475
-2.12256
-1.5188
-2.20373
-1.89279
-2.04827
-1.61934
-2.11604
-2.91514
-1.62332
-2.04819
-2.22019
-1.77033
-2.11593
-2.30744
-1.30932
-2.00127
-1.82308
-1.93913
-2.25652
-1.83092
-1.79351
-1.8169
-1.29048
-1.21181
-1.98292
-2.43078
-1.93874
-2.21186
-1.42575
-2.45952
-1.68625
-1.35437
-2.3007
-1.889
-2.03202
-2.01246
-1.54599
-2.6586
-2.22992
-1.82895
-1.75956
-2.11462
-1.38378
-2.26949
-1.67539
-1.45404
-2.12697
-1.90605
-1.83845
-1.24687
-1.81238
-2.18054
-1.68374
-2.23837
-2.04844
-1.93965
-1.87059
-2.41802
-1.67813
-2.32784
-1.71674
-2.05198
-1.75871
-2.18993
-1.62945
-1.62619
-2.12475
-2.16739
-2.40769
-1.94116
-1.59022
-2.03888
-1.47417
-2.51888
-1.20008
-2.19015
-2.11176
-2.12111
-1.82384
-1.10107
-1.88645
-1.42418
-2.0549
-1.89786
-1.76915
-1.50592
-2.43513
-1.77549
-1.99596
-2.10953
-1.90871
-2.18755
-1.62087
-1.91248
-2.26854
-1.90286
-2.43309
-2.54708
-2.08904
-1.90619
-1.73064
-2.35119
-2.10646
-1.72182
-2.20108
-2.28086
-1.79193
-2.19589
-2.05752
-1.30606
-1.86535
-1.61669
-1.63379
-1.83411
-1.78761
-1.769
-2.31057
-2.45392
-2.19946
-2.24076
-1.18953
-1.61891
-1.15663
-2.64144
-1.92643
-2.0923
-1.81872
-2.2804
-2.27058
-1.94628
-1.82361
-1.7145
-1.9161
-1.50507
-2.49054
-1.90299
-1.3867
-1.87479
-1.96544
-2.14833
-1.92329
-1.94395
-2.03854
-2.14716
-1.685
-2.17317
-2.33135
-1.58951
-1.49314
-2.1103
-2.01813
-2.17178
-1.72445
-2.06853
-1.91453
-2.26858
-2.04113
-1.89995
-1.80035
-1.94738
-1.91281
-2.2352
-2.22919
-2.18157
-1.88315
-2.32493
-2.27765
-2.35258
-1.97037
-1.88182
-2.00104
-2.2353
-2.04251
-2.2276
-2.22241
-1.95631
-1.28676
-2.67848
-2.09698
-1.71314
-1.69085
-1.96023
-2.08986
-2.09031
-1.80135
-1.9468
-1.67115
-2.02318
-1.98553
-2.23775
-2.25463
-1.65789
-1.75698
-1.89782
-1.61433
-1.84071
-1.62571
-1.21463
-1.86909
-1.99867
-2.47349
-1.3869
-2.1332
-2.56832
-1.32736
-1.83196
-1.54825
-2.22268
-1.93113
-1.84293
-2.77125
-1.48297
-2.13659
-2.06434
-2.24487
-2.08211
-1.6637
-2.0231
-1.71669
-1.80858
-1.4338
-1.70042
-1.71701
-2.01987
-1.92469
-1.64682
-1.58738
-2.02944
-1.793
-1.63889
-1.33477
-1.90246
-1.83366
-2.45399
-1.96266
-2.12777
-1.87543
-1.3964
-1.4244
-1.58492
-1.60357
-2.3014
-1.84415
-1.75271
-1.8815
-2.09416
-1.81075
-1.84007
-1.60517
-1.9882
-2.2759
-1.25815
-1.9837
-1.95914
-1.97325
-1.11501
-1.56709
-1.84539
-2.23932
-1.58642
-2.07252
-1.67826
-1.67476
-2.11014
-1.57367
-1.72301
-1.67901
-1.56175
-1.75449
-1.97764
-2.09942
-2.67926
-2.01218
-1.8425
-2.05629
-2.2794
-2.08875
-1.23714
-1.64999
-2.29602
-1.3365
-2.30413
-2.47183
-1.65701
-1.91037
-1.6204
-1.94785
-1.68308
-1.92529
-1.81713
-1.96951
-2.04497
-1.37097
-1.88706
-2.00973
-2.47649
-2.04919
-1.23753
-2.01504
-1.89335
-1.84824
-2.14318
-1.71306
-2.49
-2.08701
-1.70797
-1.9441
-2.59113
-1.93659
-2.02888
-1.54439
-1.83789
-2.12618
-2.00893
-2.71168
-2.21469
-2.27834
-2.23316
-1.48523
-1.42146
-2.31495
-1.44564
-1.65401
-1.80171
-1.89896
-1.98008
-1.45036
-1.7261
-2.17837
-2.07708
-2.13596
-1.84871
-1.97265
-1.54116
-1.48506
-1.53612
-1.31334
-1.988
-2.32513
-1.36744
-2.18124
-2.06293
-2.07748
-1.55153
-1.86325
-1.82625
-2.11808
-1.59497
-1.70823
-1.8563
-1.86653
-1.65078
-1.44751
-2.05107
-1.65601
-2.0741
-1.7593
-1.55346
-2.02576
-2.20604
-1.6496
-2.18628
-2.51513
-1.57733
-1.98449
-1.95129
-2.22941
-2.03021
-2.24989
-2.02417
-1.91186
-2.09474
-2.31784
-2.13528
-2.0038
-1.68732
-1.26064
-2.03608
-2.02762
-2.07396
-1.75224
-1.46152
-1.6489
-1.9361
-1.54725
-1.8471
-1.8833
-1.52565
-1.69944
-2.44199
-1.77984
-1.82795
-1.82165
-2.32457
-1.98602
-1.73054
-2.15093
-2.28737
-1.1481
-1.98479
-1.44219
-1.47892
-2.27877
-1.66601
-2.04176
-1.76022
-2.35426
-1.99342
-1.70342
-2.50967
-2.18409
-2.0878
-1.65946
-2.29777
-2.4264
-2.26076
-1.93417
-1.62484
-1.70677
-1.91684
-1.45923
-2.04965
-2.11429
-1.79886
-1.97857
-1.76156
-2.36775
-1.68108
-2.34422
-1.64085
-1.47114
-1.87066
-1.98003
-1.24663
-2.29741
-2.54987
-2.22592
-1.26394
-1.60423
-1.6324
-2.05181
-2.21208
-2.05268
-1.95612
-1.62485
-2.0818
-1.58045
-2.27052
-1.92118
-1.74362
-2.06362
-1.8367
-1.52175
-1.42347
-2.24245
-1.92979
-1.51218
-1.45597
-2.17702
-2.01503
-1.60541
-1.91455
-2.28358
-1.89697
-1.55368
-1.71748
-1.31277
-1.8962
-1.64738
-2.08117
-1.80318
-1.74677
-1.79054
-2.0098
-2.05503
-2.0546
-1.89448
-1.57604
-2.0901
-1.88727
-2.60264
-1.46143
-1.59739
-2.27907
-2.00118
-1.76729
-2.43366
-2.21517
-2.02443
-2.02045
-1.90736
-2.02948
-1.96833
-2.019
-1.80726
-1.50662
-2.23755
-1.58417
-2.16793
-1.94213
-1.68507
-2.3769
-2.22879
-1.89462
-2.12803
-1.39705
-1.9965
-1.94185
-1.73991
-1.88447
-2.44427
-2.17297
-2.04935
-1.63557
-1.36383
-1.61702
-1.89279
-1.14603
-1.8325
-2.51784
-2.27122
-1.88286
-1.95562
-2.23885
-2.16726
-1.51553
-1.49847
-1.92619
-2.28316
-2.01604
-2.31002
-2.48563
-1.72165
-2.09378
-2.32141
-1.73722
-1.49802
-1.94799
-1.96498
-1.54165
-1.99728
-2.18637
-1.96053
-2.37027
-1.63569
-2.38663
-2.48497
-2.12428
-2.8431
-1.68462
-1.22977
-2.24372
-2.50434
-1.72002
-2.10304
-2.20986
-1.48926
-1.80244
-1.92902
-1.92842
-1.37355
-1.8012
-1.8877
-1.56828
-1.89017
-1.63815
-2.25799
-1.07696
-1.60734
-1.78782
-2.45273
-2.13483
-1.95782
-1.75116
-1.80611
-1.602
-1.99827
-1.86942
-1.48406
-1.44658
-2.15159
-1.91023
-2.14036
-1.9443
-2.14432
-1.60402
-1.89168
-1.75264
-2.23337
-1.92932
-2.10104
-1.80454
-1.96435
-2.55737
-1.48029
-2.06731
-1.35852
-1.55425
-1.85041
-1.95338
-2.19777
-1.76919
-2.02129
-2.11998
-2.1241
-2.05294
-1.52736
-2.08245
-1.78049
-2.39028
-2.07394
-1.96271
-2.16608
-2.20124
-2.05313
-1.51667
-2.30067
-1.89037
-2.15721
-2.20799
-1.54851
-2.07536
-1.65405
-1.6338
-1.69288
-1.90214
-2.44487
-1.68252
-2.4368
-2.35905
-2.25739
-1.61914
-2.15874
-2.19034
-1.68837
-1.56812
-1.98659
-2.27321
-1.9439
-1.7263
-1.58552
-1.95793
-1.37128
-1.72411
-1.70809
-1.45366
-1.97488
-1.73287
-1.76364
-2.08761
-1.93116
-1.27747
-1.90315
-1.76325
-1.79182
-1.98745
-1.70646
-2.05792
-1.85621
-1.9595
-1.78232
-2.08246
-1.65235
-1.3638
-1.57319
-1.70542
-1.80742
-2.30514
-1.10871
-1.76335
-1.86938
-2.58394
-2.43545
-1.97452
-2.25465
-2.12191
-2.20851
-1.63313
-1.86921
-1.77789
-2.35188
-2.12057
-2.29973
-0.9359
-1.84169
-1.78519
-1.93366
-1.76491
-2.15672
-1.82042
-2.00489
-2.31666
-1.77883
-1.98382
-1.54051
-2.36887
-2.09743
-1.97363
-2.05239
-1.77807
-1.90648
-1.49408
-2.14847
-1.79733
-2.20268
-1.72319
-1.39827
-1.73421
-1.90579
-1.83176
-1.31845
-1.59496
-1.74686
-1.65185
-1.77925
-2.22646
-1.78978
-2.06845
-1.78102
-2.55021
-1.83199
-1.90833
-2.10203
-2.16142
-1.69169
-1.78126
-1.55636
-1.63941
-1.41598
-1.8054
-1.92258
-2.02387
-1.59153
-1.79639
-1.81495
-1.89781
-1.61861
-1.88428
-1.00434
-1.36874
-1.71313
-2.10651
-1.71027
-1.39359
-2.08404
-1.84141
-1.811
-2.24475
-2.34354
-2.09682
-2.14722
-1.89299
-1.40136
-1.43465
-1.83901
-1.8151
-1.88048
-1.81211
-1.66758
-2.07911
-2.05625
-1.35185
-2.21397
-1.83053
-1.83068
-2.8341
-1.95394
-2.08294
-1.27616
-1.38983
-1.65803
-2.52958
-1.59208
-2.1746
-1.9574
-1.40381
-1.91436
-1.67267
-1.92226
-1.74084
-1.69629
-2.18443
-2.18619
-2.00903
-1.73633
-1.31741
-1.784
-1.95955
-1.97261
-1.97835
-2.22399
-1.87622
-2.23829
-2.36846
-1.59698
-1.54318
-1.59187
-1.85038
-1.69169
-1.88969
-1.83694
-1.71877
-1.76592
-1.69212
-2.33769
-1.56827
-2.05758
-1.89919
-2.19612
-1.82099
-2.25087
-1.7383
-1.79971
-1.7568
-1.82685
-1.66016
-2.33582
-1.99739
-1.78625
-1.32847
-1.99029
-1.96026
-1.8091
-2.17157
-2.56628
-1.75668
-1.36021
-1.74575
-2.05358
-1.90122
-2.06728
-1.68873
-1.67962
-2.29722
-1.89384
-1.75889
-1.85779
-2.22684
-1.32285
-1.28651
-2.09036
-2.16117
-1.88095
-1.63922
-2.30546
-1.84629
-1.10156
-1.47773
-2.57289
-1.80923
-1.69594
-1.65051
-1.87612
-1.85008
-2.08772
-1.91509
-2.34443
-1.19902
-2.16756
-1.77192
-1.69097
-2.10409
-2.51933
-1.92056
-1.63046
-1.78778
-2.07604
-1.9533
-2.01083
-2.1237
-2.09005
-1.9261
-2.30638
-2.24602
-2.53098
-2.3344
-2.37847
-2.04278
-2.22003
-2.10556
-1.90873
-2.20909
-1.36442
-2.11828
-1.26252
-2.06386
-2.07867
-1.61537
-2.00226
-2.03254
-2.03058
-1.92721
-2.16431
-2.14277
-1.21594
-1.6847
-1.73515
-1.67591
-1.92835
-1.57715
-2.45721
-1.80872
-2.0954
-1.73634
-1.94965
-2.18382
-2.09047
-1.53338
-1.92448
-2.0126
-1.77109
-1.12636
-1.81952
-1.88186
-1.96765
-2.03463
-1.66269
-1.96936
-1.9932
-1.78814
-1.89622
-1.96059
-1.82235
-2.04044
-1.96285
-2.3245
-2.12805
-1.57505
-1.74733
-1.42293
-2.12119
-2.07867
-1.65985
-2.1581
-2.13634
-2.24965
-1.6667
-1.52453
-1.87583
-2.1755
-2.0106
-1.60725
-1.84509
-2.77292
-1.35266
-1.81522
-2.01819
-1.77925
-1.41781
-1.56637
-1.692
-1.85636
-1.75701
-2.36899
-1.68475
-1.97425
-1.4864
-1.90452
-1.98799
-2.28376
-2.15363
-1.83648
-1.62671
-2.21425
-2.20997
-2.02148
-1.89389
-2.12527
-1.38408
-2.1817
-2.12919
-1.63326
-2.20373
-1.72636
-1.74657
-1.20066
-1.93192
-1.79905
-1.34085
-2.60231
-1.97217
-2.07482
-1.89007
-2.3257
-2.36146
-2.10838
-2.19309
-1.95252
-2.13581
-1.41786
-2.12058
-1.93618
-1.68159
-1.98721
-1.49028
-2.45307
-2.24351
-2.38017
-1.75468
-2.29549
-2.11478
-2.0132
-1.87074
-1.7374
-1.96038
-1.68377
-1.70057
-2.07661
-2.07796
-2.05739
-1.84355
-2.45532
-1.44493
-1.79418
-2.28115
-1.57654
-1.96889
-2.30136
-2.39888
-2.2482
-1.89064
-2.3204
-2.12799
-2.3495
-1.34244
-2.18155
-2.09131
-2.01009
-1.29
-2.004
-2.39432
-2.1238
-2.28025
-1.13581
-1.71895
-1.83382
-1.90106
-2.02036
-1.88811
-2.11441
-2.32993
-1.92831
-1.83876
-1.84869
-2.0048
-1.95964
-2.41974
-1.95479
-1.51193
-1.974
-1.70692
-1.83332
-2.22849
-2.01617
-2.58226
-1.6663
-1.86711
-1.7152
-1.8452
-2.03155
-1.81843
-1.72148
-1.66451
-2.18288
-2.32467
-1.27846
-1.67588
-1.95058
-1.99774
-1.69256
-2.21707
-1.89306
-1.98632
-1.68913
-1.79915
-1.72244
-1.63373
-1.9793
-1.93175
-2.34433
-2.75422
-1.67236
-1.71117
-2.42597
-2.23266
-1.48558
-1.89729
-2.21723
-1.57717
-2.18947
-1.69194
-2.03869
-2.20606
-1.9783
-2.05924
-1.36237
-1.36839
-2.60083
-1.98779
-1.6205
-1.8717
-1.96326
-2.00509
-1.72065
-2.01367
-1.89126
-1.75097
-1.60831
-1.98564
-1.65562
-1.58673
-2.00498
-1.97409
-1.53321
-2.04728
-1.66229
-1.77167
-2.04037
-1.57607
-2.29368
-2.28737
-1.96843
-2.23441
-1.81349
-2.27866
-2.40024
-1.56338
-2.0898
-2.10445
-1.94275
-1.61111
-1.65039
-1.9418
-1.87955
-1.44087
-1.69982
-2.21416
-2.05817
-2.32861
-2.13792
-2.66443
-1.9724
-1.74219
-1.85466
-2.10809
-1.49411
-1.5652
-1.66705
-1.80051
-1.85958
-2.14491
-2.21756
-2.03736
-2.53626
-1.6705
-1.8921
-2.25338
-2.19216
-1.70073
-2.01045
-1.94605
-1.91442
-1.76761
-1.57879
-1.74231
-2.23557
-2.17174
-1.99697
-1.78088
-1.49858
-2.03285
-1.47264
-1.53124
-1.92249
-2.02979
-1.67661
-2.04313
-1.67539
-1.32835
-2.198
-1.51926
-1.91212
-2.12686
-2.06303
-1.99921
-2.28662
-2.62491
-1.58351
-1.54428
-2.13259
-1.61357
-2.52056
-2.2292
-1.56699
-1.66369
-1.858
-1.68037
-1.62278
-2.40788
-1.6313
-2.116
-2.37483
-1.96975
-2.27769
-2.07267
-2.25922
-2.63458
-2.06494
-2.20446
-1.41431
-2.24603
-2.19672
-2.54687
-2.48812
-1.74762
-1.39059
-1.74056
-2.05617
-1.82177
-1.90081
-1.35444
-2.43295
-2.27793
-1.73171
-2.10041
-1.97312
-2.3722
-1.53595
-2.01729
-2.13616
-1.93904
-2.03812
-2.24221
-2.1584
-1.72665
-1.93061
-2.22359
-2.01101
-1.74497
-2.02858
-2.33152
-2.1073
-1.60125
-2.25884
-1.85385
-1.81536
-1.52592
-1.96973
-1.60686
-1.56881
-1.74024
-2.04093
-2.02611
-1.79608
-1.50179
-1.91291
-1.91243
-1.58817
-1.84335
-2.29831
-2.3048
-1.94356
-1.94884
-2.63575
-2.59361
-2.31768
-2.2412
-1.77274
-2.46608
-1.85572
-1.66312
-1.19227
-1.7914
-2.02069
-1.99188
-1.92865
-2.3922
-1.65134
-1.78819
-1.98305
-1.95271
-1.80316
-2.16033
-1.79444
-2.62181
-2.21665
-1.95424
-2.01696
-1.73169
-1.74175
-1.75234
-1.34163
-1.68062
-1.99286
-1.3044
-2.24815
-1.84998
-1.71675
-1.82415
-2.38386
-1.62347
-2.38931
-1.40515
-1.95646
-1.92705
-1.89404
-2.03519
-2.31272
-1.91646
-2.00999
-1.52567
-1.31113
-1.57007
-2.44001
-2.12547
-1.94249
-1.95244
-1.76698
-1.93283
-2.13435
-1.70861
-1.35647
-1.88182
-1.89634
-1.52738
-1.73199
-2.12066
-1.76638
-1.82018
-1.71024
-1.55262
-1.55815
-2.09388
-1.58318
-1.80747
-1.37477
-1.56473
-2.39057
-1.66804
-2.1623
-2.07993
-2.20714
-2.0499
-2.12218
-2.00501
-2.03378
-1.6493
-2.17234
-2.16027
-1.67057
-1.70467
-1.7878
-1.83941
-2.04992
-1.76371
-1.86077
-2.17594
-2.11812
-1.69795
-1.94765
-2.64259
-2.12435
-1.68059
-1.66167
-1.49772
-1.52747
-1.45401
-2.03664
-2.07304
-1.91811
-1.83397
-1.48518
-1.87486
-1.39474
-1.67613
-2.0035
-1.1504
-2.0474
-1.93944
-1.99888
-1.81963
-1.25568
-1.86346
-1.79085
-1.78451
-1.60471
-1.67641
-2.26758
-2.03782
-1.85387
-1.65884
-1.6287
-1.61837
-2.15167
-1.49819
-1.92844
-2.15661
-2.10497
-2.33196
-1.58948
-1.99995
-2.24567
-2.13845
-1.91558
-2.33547
-1.16575
-1.9396
-1.98725
-2.23663
-1.99936
-1.34815
-2.50008
-1.91806
-2.06751
-2.22926
-2.10932
-1.72728
-1.87304
-2.1332
-1.214
-1.55428
-2.14092
-1.79664
-1.94704
-1.80971
-1.99837
-1.65747
-1.42553
-1.63521
-1.73499
-1.9529
-1.64999
-1.95111
-1.70058
-1.89209
-2.05606
-1.46833
-2.333
-1.61887
-1.94853
-1.718
-1.66822
-1.88773
-1.65285
-1.65959
-1.49605
-2.03199
-1.80176
-1.66638
-1.88695
-2.21437
-2.09276
-1.82656
-1.58261
-1.2977
-1.32192
-1.80742
-1.95449
-2.02341
-1.67917
-1.43314
-2.14082
-1.95102
-1.74788
-2.35541
-2.01245
-1.68962
-1.87236
-1.6656
-1.77112
-1.77351
-1.29471
-2.08348
-2.0851
-2.55622
-2.07213
-2.04568
-1.30542
-2.54364
-1.43649
-1.59117
-2.07275
-1.90438
-2.11153
-1.3832
-1.82619
-1.12036
-2.2471
-2.34493
-1.06653
-1.96476
-1.91856
-1.91898
-1.4622
-1.99714
-1.41668
-1.81448
-1.9711
-2.73575
-2.22345
-2.33925
-1.74406
-2.23539
-1.80405
-1.92239
-1.87612
-1.57223
-1.7229
-1.80293
-1.98532
-2.21331
-1.96869
-1.43449
-2.19725
-2.24259
-2.43392
-2.16632
-1.70997
-1.6806
-2.19211
-1.86898
-1.83742
-2.00974
-2.15773
-1.86261
-2.76635
-1.82164
-1.90132
-1.51518
-1.75085
-2.38979
-1.99005
-1.34649
-2.02319
-2.09422
-2.00424
-2.17512
-2.16464
-1.6448
-1.27804
-2.20655
-2.22577
-1.42252
-1.63494
-1.98418
-1.92247
-1.5045
-1.69553
-1.61355
-2.46096
-1.87193
-1.70859
-2.06213
-1.79389
-1.90828
-2.37187
-2.0419
-1.97856
-2.02847
-1.8362
-1.76022
-2.17424
-1.77633
-2.0659
-1.8871
-0.95191
-2.0946
-1.99662
-2.16582
-1.68299
-1.78584
-1.56855
-1.73059
-2.88168
-1.71676
-2.08956
-1.73889
-1.63391
-2.00059
-2.01683
-2.31489
-2.14118
-1.35856
-1.86685
-2.01895
-1.71936
-1.91041
-1.34311
-2.00764
-2.18856
-1.89921
-1.87882
-1.79128
-2.24549
-1.92234
-2.16168
-2.17748
-1.82831
-2.10385
-2.30518
-2.17166
-2.13433
-2.15268
-2.27844
-2.35685
-1.82083
-1.42322
-1.84119
-1.68248
-2.32937
-1.67556
-1.88371
-1.66813
-2.36998
-1.90482
-2.21709
-1.89292
-1.63594
-1.72769
-1.57993
-1.78689
-1.71654
-1.83667
-1.63372
-1.96568
-1.65151
-1.98984
-1.96839
-2.06541
-1.4927
-1.36107
-1.5874
-1.71109
-2.03825
-2.29088
-1.83515
-2.23745
-2.28197
-2.16322
-2.27121
-2.36896
-1.90363
-1.50337
-1.5466
-2.46862
-1.6802
-1.96608
-1.45462
-1.69827
-1.55887
-1.90877
-1.43186
-0.83259
-2.05941
-2.16503
-1.63251
-1.91071
-1.56403
-1.57052
-1.76957
-1.79502
-2.00832
-2.04395
-2.30647
-1.86286
-1.3521
-2.83415
-1.8442
-2.4881
-2.5729
-2.15474
-1.43225
-1.71433
-1.86455
-2.49153
-1.91789
-1.60813
-1.93982
-2.05696
-1.19413
-1.94934
-2.38166
-2.10396
-2.01013
-1.85915
-2.15654
-1.55545
-1.57792
-1.26414
-1.81299
-2.60777
-1.44646
-1.39384
-2.71218
-1.40264
-1.43215
-1.86732
-1.67186
-2.08854
-2.40667
-1.90961
-1.71484
-2.2568
-2.52394
-1.87414
-2.57891
-1.52858
-1.37641
-2.17529
-2.48635
-2.18411
-2.19687
-1.82718
-1.79154
-2.09756
-1.67674
-2.09313
-1.5413
-1.92735
-2.20006
-2.23676
-1.84517
-2.47276
-1.95783
-1.8115
-1.93213
-1.61865
-2.03921
-1.90751
-1.88535
-1.82318
-2.33937
-2.0984
-1.50098
-1.90746
-1.7819
-2.28752
-1.91935
-1.84916
-2.05587
-1.88636
-1.84561
-1.84906
-1.79063
-2.07917
-2.6614
-1.99587
-2.22034
-1.71418
-1.53481
-2.41035
-2.18484
-2.04122
-2.21113
-2.43288
-1.55108
-2.08179
-1.80629
-1.98711
-1.59997
-1.90435
-1.95528
-1.9723
-2.02415
-2.13899
-1.84294
-2.1998
-1.8921
-2.21959
-1.80685
-2.03033
-1.68276
-1.52794
-2.40901
-2.10535
-2.44516
-1.85475
-2.3927
-2.01476
-2.11003
-1.41898
-1.72992
-2.04399
-2.00712
-1.88253
-2.10853
-2.21205
-2.22836
-1.80699
-2.52525
-0.95824
-2.47132
-1.91694
-1.83348
-1.85248
-2.1164
-1.90054
-2.27223
-2.04093
-0.92262
-1.80885
-2.06386
-1.7249
-2.35992
-1.736
-2.07258
-1.3056
-1.54545
-2.19008
-2.11289
-1.99806
-1.37459
-1.97136
-2.07159
-2.42173
-2.09745
-2.1734
-2.47563
-1.98351
-2.04328
-2.00952
-2.13826
-1.96913
-1.77607
-2.12351
-1.89822
-2.34113
-1.8266
-2.11077
-1.55078
-1.91419
-1.37112
-1.7792
-1.57854
-1.74132
-2.25233
-1.70955
-2.19489
-1.66922
-2.50017
-2.11406
-1.85398
-2.14116
-1.93969
-2.17029
-1.86941
-1.98163
-1.76662
-1.7022
-1.73241
-1.96944
-1.45368
-1.71428
-2.12941
-1.73421
-1.27059
-1.91021
-2.03205
-1.79607
-1.70841
-1.41214
-1.71638
-2.26853
-2.64
-2.17166
-2.05255
-1.80637
-1.78528
-2.10235
-1.74807
-1.73879
-2.29258
-2.10604
-2.09758
-2.36243
-1.95405
-2.3799
-1.76386
-1.77318
-2.25003
-2.38852
-2.30126
-2.16159
-2.09288
-1.93669
-1.63904
-1.51312
-2.16766
-1.84828
-1.78199
-1.4234
-1.66031
-2.16213
-2.00568
-1.80559
-1.4395
-2.77039
-1.93984
-1.54629
-2.19975
-1.67779
-1.92935
-1.91111
-2.00013
-1.71322
-1.82369
-2.24418
-2.1413
-1.71217
-2.19877
-1.90913
-2.24473
-1.92396
-2.11331
-1.47814
-1.58918
-1.47637
-1.67622
-2.15281
-2.19103
-2.60875
-1.76732
-2.15669
-1.83549
-1.2446
-1.54871
-1.92193
-1.78799
-2.01481
-1.47765
-1.74445
-1.7222
-1.98291
-1.98946
-2.12111
-1.60772
-2.14978
-1.67522
-1.94947
-1.88328
-2.03534
-1.62053
-1.95906
-1.72447
-1.59793
-1.52699
-2.08367
-1.5219
-1.47662
-2.6417
-1.98407
-2.08095
-1.74226
-1.92064
-1.60255
-1.3011
-2.23617
-2.15547
-1.66041
-1.8359
-2.00267
-1.78421
-1.51701
-2.0202
-1.97867
-2.36785
-1.89753
-1.95235
-1.20643
-1.81024
-1.95084
-2.24055
-2.21093
-1.79969
-1.87499
-1.8214
-1.38634
-2.16739
-1.87116
-2.00051
-1.5383
-1.92182
-1.65467
-1.71744
-1.73146
-1.66413
-1.3645
-2.0343
-2.20075
-2.21984
-1.52837
-2.04571
-1.6379
-1.89734
-2.05733
-1.98104
-1.64884
-1.98015
-2.09524
-2.40565
-1.40678
-2.29569
-2.1792
-1.55655
-1.82136
-1.78342
-2.06318
-2.41388
-2.55993
-2.11473
-1.90773
-1.24286
-1.7653
-1.5829
-1.95016
-1.81283
-1.79739
-1.84872
-2.39941
-1.8911
-1.53889
-1.91125
-1.9963
-2.10522
-2.23705
-1.91823
-2.49204
-1.5516
-1.91891
-1.63996
-1.54766
-1.84999
-2.50785
-1.65752
-2.19814
-2.25272
-1.63239
-1.83917
-2.31593
-1.42751
-2.09309
-2.43382
-1.98399
-1.03234
-2.29373
-2.09784
-1.36317
-1.84551
-1.39901
-1.71396
-1.66149
-1.85218
-1.75775
-2.27316
-1.89994
-1.24545
-1.64298
-2.45101
-1.77127
-2.07305
-1.78638
-2.05883
-1.74343
-2.34247
-2.54241
-1.61991
-1.73812
-1.96767
-1.93938
-1.70734
-1.94696
-2.04478
-1.72046
-1.95237
-2.15706
-1.95909
-2.18005
-1.77509
-1.67121
-1.48859
-2.13376
-2.1473
-1.85748
-1.67237
-2.40833
-2.13759
-1.16932
-1.35998
-2.26798
-2.15059
-2.33389
-1.76102
-2.26609
-1.91437
-2.22106
-1.44603
-2.05934
-1.63487
-1.78137
-2.19524
-1.97354
-1.46485
-1.41844
-2.03093
-1.80842
-1.81786
-1.5608
-1.82085
-1.80122
-1.62338
-1.67057
-2.54834
-1.90601
-2.20377
-2.43182
-2.37816
-2.10649
-1.76491
-1.70139
-1.92804
-1.77731
-1.55156
-1.60729
-2.04809
-1.58409
-1.5967
-1.34323
-1.99541
-1.73137
-1.69087
-1.76791
-2.28537
-1.54169
-2.18409
-2.24976
-2.00863
-2.14246
-2.0986
-1.92135
-1.55954
-1.65717
-2.03663
-2.19229
-1.53027
-2.09339
-1.85608
-1.53012
-1.69973
-1.45574
-2.21517
-1.54696
-1.7981
-2.00846
-2.0741
-2.07722
-1.97638
-1.45184
-1.9631
-2.43785
-1.53363
-1.9259
-1.46016
-2.25215
-2.25977
-2.08128
-1.72965
-1.99014
-2.2408
-2.15548
-1.46344
-1.96991
-1.63161
-1.41143
-1.8786
-1.87082
-1.58733
-1.52699
-1.57805
-2.32629
-1.70315
-2.13583
-2.16465
-2.02737
-2.29765
-2.07446
-1.76592
-1.70676
-2.34031
-2.54631
-2.30217
-1.58667
-1.52699
-1.81434
-1.80159
-2.60043
-1.75934
-1.96661
-2.21725
-1.77561
-2.30413
-1.64034
-1.34383
-1.81958
-1.67773
-1.30866
-1.34159
-2.24298
-2.37736
-2.00443
-1.45296
-1.67226
-1.63938
-2.39732
-2.3546
-1.60436
-1.91888
-1.84497
-2.04912
-2.25633
-2.48188
-1.66293
-1.5564
-2.22298
-1.20785
-2.02246
-1.83755
-2.32469
-1.20607
-1.54831
-2.04017
-2.26208
-1.32868
-2.12725
-1.71668
-1.98043
-1.58948
-1.92941
-2.12269
-2.06191
-1.99315
-1.67081
-1.83826
-1.61546
-2.0378
-1.83426
-2.18953
-2.07924
-1.55068
-1.86863
-1.73399
-1.28624
-1.7898
-1.74932
-1.87275
-2.02032
-1.34901
-1.66998
-1.68724
-1.6385
-1.81615
-2.00953
-1.56741
-1.68876
-1.45808
-1.70765
-1.66533
-1.72346
-1.67166
-2.02341
-1.95449
-1.3991
-1.51114
-1.73096
-2.25508
-2.32767
-2.43723
-2.33437
-2.24649
-1.77397
-1.68909
-2.05042
-1.19924
-1.52548
-1.92697
-1.9353
-1.48687
-1.99534
-1.80233
-1.80176
-1.55505
-1.78591
-2.43636
-1.79586
-2.07687
-2.17543
-1.81021
-1.32811
-0.84933
-2.01687
-1.99713
-1.91297
-1.94714
-1.62211
-1.58335
-1.99359
-2.21217
-1.87319
-2.06603
-2.1604
-2.75446
-1.64173
-1.83293
-1.43792
-1.66201
-2.18968
-2.06676
-2.35995
-2.08476
-1.83679
-1.55433
-1.70846
-2.53405
-2.36939
-1.55372
-1.96048
-2.04052
-1.88224
-2.49232
-2.58958
-1.8627
-1.52243
-2.4347
-2.24404
-1.52426
-2.06369
-1.98927
-1.93452
-1.60783
-1.93151
-1.66372
-1.82541
-1.76133
-1.74359
-2.10894
-1.67446
-1.79488
-2.21956
-2.07025
-2.4103
-1.76979
-2.21778
-2.03329
-1.55637
-2.16029
-1.83551
-2.34137
-1.62177
-2.4201
-2.04069
-1.75459
-2.20977
-1.92249
-1.53006
-1.19929
-2.00057
-2.16011
-2.21363
-1.67992
-1.43089
-2.17232
-2.30625
-2.0215
-1.55563
-1.71954
-2.2704
-1.86444
-1.89818
-2.21016
-1.90214
-2.19524
-1.44759
-1.97291
-2.07868
-1.54794
-1.37715
-1.98652
-2.1212
-1.67218
-2.3729
-1.631
-1.78441
-1.9513
-1.68627
-1.65017
-2.28674
-1.83839
-2.18377
-2.61696
-1.78127
-2.3432
-2.97623
-1.51578
-1.72721
-1.48346
-1.88201
-1.58796
-1.73352
-2.10791
-2.41073
-1.44919
-1.04923
-1.81972
-2.23306
-1.68105
-1.37524
-1.66242
-1.43956
-1.8199
-1.9375
-1.79504
-1.88608
-1.89154
-1.69908
-2.12913
-1.74039
-1.37649
-1.81474
-1.95081
-2.41785
-1.68108
-1.63906
-1.77633
-2.32782
-2.13122
-1.99825
-2.10788
-2.01082
-1.74279
-1.65743
-1.34544
-2.05822
-1.63135
-1.88407
-1.49865
-1.36097
-2.25364
-1.64177
-2.67428
-1.95827
-2.00926
-1.82511
-2.05073
-2.16139
-1.9216
-2.03879
-1.84892
-1.8598
-2.30578
-1.91568
-2.03451
-1.99493
-2.26576
-1.38037
-2.0038
-1.00305
-2.13115
-1.94925
-1.93294
-2.55499
-1.56439
-1.98295
-2.26386
-1.97184
-1.6475
-1.95337
-2.24841
-2.14329
-1.50059
-1.80577
-1.8181
-2.31261
-2.46452
-2.12182
-1.37663
-1.80879
-1.7006
-1.67157
-2.1772
-1.75966
-2.4043
-2.04244
-2.10934
-2.44122
-1.93426
-1.86691
-1.50415
-1.77452
-1.47673
-2.02062
-2.23092
-2.02843
-1.84736
-2.20889
-1.86411
-1.87206
-2.19055
-1.56837
-2.25696
-1.67635
-1.48336
-1.58324
-1.56064
-2.13094
-1.69765
-1.6911
-2.15532
-1.96623
-1.80786
-1.89837
-2.14566
-2.15833
-1.68337
-1.99257
-1.604
-1.61827
-2.17096
-1.562
-1.89424
-1.72269
-1.46661
-2.06276
-1.21774
-2.05184
-1.56525
-2.09509
-1.80107
-1.52214
-1.64615
-1.88217
-2.58623
-1.92343
-2.34464
-1.99648
-1.70265
-1.90511
-2.60173
-1.87731
-2.30015
-1.54
-1.92954
-1.61357
-1.80002
-1.76473
-1.65958
-1.77855
-1.48152
-1.59188
-1.9768
-2.09926
-1.73471
-1.9922
-2.43914
-2.13484
-2.24018
-1.33742
-1.35208
-2.12462
-1.68061
-2.37558
-1.97543
-1.26995
-2.14046
-2.147
-1.48419
-1.79517
-1.94606
-2.39619
-2.43145
-1.79474
-2.05179
-1.75111
-1.68479
-1.77266
-1.91945
-1.75851
-2.12443
-1.66442
-1.53584
-2.14736
-1.53637
-2.24101
-1.96418
-1.77777
-2.39761
-1.94095
-1.86135
-2.06044
-2.07112
-1.74642
-1.93139
-2.01043
-2.50184
-2.34374
-1.94031
-2.2327
-2.18795
-2.39009
-2.23758
-1.78199
-2.81396
-1.82848
-1.69405
-2.11127
-2.03496
-2.12727
-1.95382
-2.09964
-1.79556
-2.03939
-1.35831
-1.77404
-1.76786
-2.55296
-1.74721
-2.31088
-1.87489
-1.92951
-1.73143
-1.95771
-1.59057
-1.97583
-1.66913
-2.26169
-2.05443
-1.81964
-1.7841
-1.63749
-2.01896
-1.76267
-2.22885
-1.55369
-2.42303
-1.77424
-1.32249
-1.17028
-2.07885
-2.0449
-1.71252
-1.59996
-1.30927
-2.25606
-2.27847
-1.8179
-1.62244
-2.05644
-2.2954
-2.212
-2.38873
-1.55087
-1.83431
-1.55589
-1.6481
-2.47194
-2.31173
-2.17961
-1.80202
-1.97973
-1.54321
-2.01283
-1.82413
-1.83905
-2.20589
-2.48221
-1.29793
-1.75193
-2.12506
-1.86062
-2.04256
-1.69737
-1.89443
-1.91016
-1.85473
-1.63883
-1.88885
-2.25192
-2.43594
-2.15964
-2.0112
-1.70282
-1.66276
-1.93748
-1.75953
-1.51361
-1.84041
-1.72051
-1.80749
-1.58026
-1.77319
-1.7121
-2.13225
-2.37588
-1.73449
-1.96672
-1.83071
-1.50414
-2.23643
-1.58329
-1.61928
-2.12153
-1.99706
-1.70599
-2.25166
-1.42807
-1.67139
-2.02023
-1.35248
-2.38753
-2.23954
-1.89116
-2.1531
-1.58146
-1.93344
-2.36955
-2.51655
-1.80788
-1.88332
-1.52468
-1.57511
-1.73841
-1.87589
-1.91889
-2.33862
-2.05842
-1.89901
-2.34818
-1.28345
-2.71729
-2.09322
-2.13504
-1.91855
-2.07103
-2.04601
-2.03489
-2.53658
-1.87794
-1.87992
-1.93201
-1.32465
-2.31185
-1.91295
-1.82432
-2.29127
-1.8726
-1.76677
-1.83337
-2.04809
-2.27089
-2.23469
-2.18138
-1.87821
-2.16309
-1.30707
-1.89724
-1.69041
-1.91346
-1.51362
-1.93597
-2.22618
-1.43523
-1.84505
-1.79268
-1.92443
-1.41274
-1.94926
-1.85442
-1.89811
-1.40493
-1.95526
-1.93223
-1.43249
-1.87759
-1.42999
-2.02034
-1.93359
-1.83781
-1.26558
-1.15035
-2.66441
-2.21244
-2.20424
-1.71604
-1.66274
-1.89876
-1.91896
-2.35646
-2.49847
-2.38773
-1.76675
-1.83592
-1.78894
-1.71417
-1.84885
-2.15192
-2.26241
-1.66014
-2.35091
-1.81811
-2.46988
-1.96403
-1.90338
-2.08292
-2.3175
-1.99768
-2.14619
-1.80932
-1.68546
-1.7919
-2.19384
-2.70323
-1.71688
-1.95972
-1.82156
-1.81117
-2.27794
-1.72102
-1.76615
-1.31497
-2.03733
-2.08401
-1.84444
-1.8957
-1.84807
-1.72253
-1.9885
-1.81669
-2.27219
-1.46341
-1.44923
-2.24594
-2.03947
-1.9175
-2.51345
-2.4484
-2.17182
-1.88978
-1.95782
-1.98193
-2.16861
-1.78895
-1.68341
-1.69502
-1.45731
-2.15064
-1.98108
-2.05417
-1.70442
-2.4547
-2.26807
-1.44174
-1.99478
-2.00266
-1.90072
-1.87214
-2.25286
-1.71317
-2.2113
-2.06486
-2.34297
-2.08304
-1.54127
-2.18379
-2.03367
-1.7628
-1.82998
-2.05829
-2.90006
-2.02727
-1.93729
-1.94637
-1.88615
-2.29367
-1.66982
-2.14421
-1.78984
-1.99958
-1.71109
-2.04013
-1.73152
-1.9472
-1.80036
-1.59284
-2.81472
-2.37909
-2.77839
-1.78305
-2.10652
-1.79141
-1.75231
-2.0769
-1.07039
-1.84767
-1.92939
-1.58749
-2.03841
-2.04144
-1.7795
-2.03351
-1.50322
-1.6126
-2.01651
-1.77644
-1.58662
-1.57002
-2.07421
-1.56567
-1.91258
-1.75533
-1.91999
-1.81341
-1.64244
-2.14107
-2.40609
-1.87304
-1.71147
-1.6337
-2.16162
-1.76017
-2.29686
-2.24215
-2.44851
-1.72329
-1.63375
-2.31027
-1.76615
-1.9981
-1.82074
-2.38491
-1.53476
-1.52507
-2.24429
-1.50855
-2.26365
-1.93379
-2.44295
-1.85628
-1.92635
-1.54076
-1.98445
-1.53299
-1.93572
-2.33495
-2.00139
-1.54462
-2.43996
-2.03208
-1.81815
-1.72073
-1.71289
-2.35918
-2.09717
-1.91634
-1.68832
-1.81261
-1.72476
-1.9769
-1.77264
-2.46943
-1.77061
-2.00573
-2.1586
-2.09088
-1.84231
-1.77398
-1.82205
-2.28329
-1.71838
-1.86844
-1.61488
-1.76459
-1.52445
-2.11901
-2.07716
-2.15624
-1.6577
-2.43648
-1.75795
-2.27248
-1.70232
-2.07122
-2.23966
-2.00695
-1.78385
-2.29975
-2.59991
-1.97764
-1.27429
-2.17046
-2.01707
-2.45035
-1.79719
-1.60263
-2.03412
-2.43357
-1.51133
-1.67781
-1.89701
-1.76741
-1.17692
-1.60654
-1.59961
-2.07905
-2.18448
-2.33543
-2.12939
-1.82237
-1.8408
-1.98883
-1.67445
-2.12139
-1.83202
-2.28169
-2.05361
-1.00462
-1.44532
-1.64911
-1.65863
-2.21913
-2.43373
-1.83082
-1.37867
-2.18742
-2.05011
-2.21764
-1.81466
-1.60123
-1.56016
-1.6565
-2.08697
-2.11556
-1.61679
-1.24982
-1.22738
-2.10733
-1.47604
-1.80225
-2.11262
-1.93406
-1.98536
-1.76379
-2.05293
-1.99824
-1.89993
-1.71892
-1.50421
-2.11543
-2.69075
-2.98452
-2.31897
-2.27256
-1.45146
-1.50317
-2.26118
-1.77859
-1.67637
-2.3575
-2.43324
-2.11632
-1.42927
-1.91149
-1.72311
-1.70504
-1.63919
-1.80756
-2.22029
-2.29931
-1.45513
-2.02525
-1.26203
-1.93325
-2.40447
-1.60408
-1.85903
-1.73813
-2.18729
-1.26068
-1.80786
-2.40008
-1.71678
-1.53162
-2.17746
-2.47459
-1.52817
-2.14984
-2.01489
-2.03679
-2.2633
-1.78836
-1.54542
-1.70681
-1.72717
-2.09741
-1.89744
-1.91217
-1.64028
-1.86591
-1.35699
-2.70195
-2.13209
-2.40329
-1.96625
-1.90104
-2.56244
-1.9707
-2.06688
-1.48407
-1.60191
-1.5554
-1.75071
-1.61694
-1.70754
-1.52544
-2.21335
-1.85773
-1.3284
-2.21264
-1.90546
-2.14545
-2.87646
-1.06919
-1.47206
-2.17827
-1.57355
-2.14417
-1.45015
-2.13742
-2.12087
-1.56842
-1.80834
-2.13312
-2.40401
-1.82836
-1.51063
-2.11542
-2.38628
-1.23893
-1.92716
-1.66703
-2.28268
-2.26611
-1.71801
-2.28941
-1.47858
-1.55382
-2.04799
-1.72603
-1.96617
-1.6162
-1.67533
-1.73087
-1.56697
-1.79784
-1.9823
-1.6813
-1.77267
-1.81816
-1.72336
-1.87966
-2.46712
-1.40694
-2.38963
-2.04429
-2.0383
-2.10221
-2.23831
-1.54912
-2.30153
-2.06816
-1.35342
-1.53551
-2.46078
-2.16218
-1.71255
-1.96734
-1.74649
-1.89441
-2.31734
-2.12303
-2.11083
-1.86213
-2.06364
-2.47678
-2.18205
-2.38262
-1.57624
-1.51272
-1.32634
-2.01936
-1.51072
-2.14736
-2.14224
-2.03289
-1.78577
-2.16303
-1.68279
-2.02958
-1.56884
-1.69534
-1.83604
-2.70391
-2.31213
-2.35869
-1.66592
-1.76952
-1.6832
-1.92049
-2.038
-1.90297
-1.82171
-1.91161
-1.839
-1.90332
-1.89455
-2.22003
-1.79958
-1.57984
-2.25386
-1.57365
-1.29595
-2.04667
-1.74683
-1.96345
-1.86078
-2.46553
-2.19673
-2.40241
-2.12444
-1.88776
-2.5811
-1.80327
-1.95298
-2.16155
-2.20611
-2.021
-1.5573
-1.59405
-2.21466
-2.42068
-1.84598
-1.96106
-1.66926
-2.18071
-1.91585
-2.14658
-1.46146
-2.75656
-2.17027
-1.9136
-1.60307
-1.91297
-2.15825
-0.92444
-2.02193
-2.08408
-1.64093
-2.01822
-1.86825
-2.78058
-1.48484
-2.05567
-2.20345
-2.04789
-1.77684
-2.18503
-2.15038
-2.09198
-1.80508
-2.01309
-1.62423
-1.98956
-2.12563
-2.21868
-2.04655
-2.11628
-2.13538
-1.65618
-1.98201
-2.12093
-1.93412
-2.25479
-2.10996
-1.73326
-1.87088
-1.96443
-1.87567
-2.13568
-2.22156
-2.42378
-1.4289
-2.35079
-2.0392
-1.78856
-2.25645
-2.02058
-2.43847
-2.04913
-2.13305
-2.26106
-1.76567
-1.88271
-2.0018
-2.15447
-2.25854
-2.05606
-1.86015
-1.77457
-2.40704
-1.85142
-2.36348
-2.12911
-1.92096
-2.1566
-1.80818
-1.80803
-1.83558
-1.97826
-2.41222
-2.40908
-1.65877
-1.63613
-1.71906
-2.07021
-1.62275
-1.71684
-2.44853
-2.56203
-1.80732
-2.04315
-1.60113
-2.49669
-1.43249
-1.94018
-1.96408
-1.80951
-1.27336
-1.96759
-1.82168
-1.85318
-2.11139
-1.63762
-1.94652
-2.37462
-1.74852
-1.62022
-1.52061
-2.4654
-2.25159
-1.61627
-1.89876
-1.78399
-2.37623
-1.72164
-1.54232
-1.80719
-2.72009
-1.32239
-2.08728
-1.78532
-2.07554
-2.11947
-1.57984
-1.7395
-2.07432
-1.5913
-1.42402
-2.34541
-2.12387
-1.48637
-1.64058
-2.01442
-1.69527
-1.74212
-1.85616
-1.75849
-1.87946
-1.31547
-1.93007
-1.72896
-1.68614
-2.28555
-2.16783
-1.49061
-2.30166
-1.31069
-2.67701
-2.06021
-2.03803
-1.95389
-2.2671
-2.29217
-1.84637
-2.35969
-2.13328
-2.10003
-2.15645
-2.03332
-2.12333
-1.62531
-1.92382
-2.03246
-1.37231
-1.46635
-2.59744
-1.63776
-2.05789
-2.33354
-1.59731
-1.74297
-1.48031
-1.6938
-2.0455
-1.9553
-1.9086
-1.80444
-1.8544
-2.40986
-2.27683
-1.64505
-1.98845
-1.96765
-2.33889
-2.26451
-2.04247
-1.42388
-1.94675
-1.30551
-2.34145
-2.44356
-1.72191
-1.69666
-1.16301
-1.6747
-1.68254
-1.16337
-1.88958
-1.84556
-1.98735
-1.47244
-2.03823
-2.21162
-2.1589
-2.19224
-2.11297
-2.24206
-1.52045
-1.38903
-1.05291
-1.94812
-1.97585
-2.71609
-2.13915
-2.14866
-1.97675
-1.49679
-2.22455
-1.97881
-1.89015
-2.31749
-1.4043
-1.93809
-1.69382
-1.993
-2.01647
-1.29917
-1.60861
-2.23418
-1.70036
-1.97791
-2.49724
-2.08734
-2.25449
-2.18971
-2.19421
-2.2132
-2.56015
-2.23721
-1.37517
-1.7531
-1.82645
-1.88902
-1.94661
-2.18869
-2.09785
-1.82022
-1.75272
-2.0853
-1.89187
-2.08135
-1.6999
-2.5174
-2.36722
-1.66546
-2.40459
-1.98466
-2.8653
-1.68498
-2.02421
-2.6487
-2.21486
-2.01794
-1.68376
-1.33285
-2.04689
-1.58155
-2.12412
-2.01294
-1.957
-1.96423
-1.91599
-1.90294
-1.85669
-1.2311
-1.55025
-1.57984
-2.41549
-2.07844
-2.05193
-1.98493
-2.23947
-1.95329
-2.00751
-2.50353
-1.92506
-1.3665
-1.90773
-2.22844
-1.90943
-2.15316
-1.52246
-2.2819
-1.75577
-2.5902
-2.30005
-2.12275
-2.20149
-1.9504
-1.62792
-2.29268
-1.9866
-1.79355
-2.45018
-1.67158
-1.73145
-2.04119
-2.18261
-1.59979
-2.18987
-2.15393
-2.22231
-1.47955
-2.09792
-1.36801
-1.84417
-1.88747
-1.75467
-1.71544
-1.9852
-1.99862
-1.35673
-1.94417
-1.49961
-2.40704
-1.70076
-1.75523
-1.99217
-2.25381
-2.19457
-2.08894
-1.88092
-1.87263
-1.90421
-2.04544
-2.139
-2.13982
-2.45183
-1.67854
-1.3494
-2.18346
-2.0845
-1.97344
-1.7949
-1.86446
-1.90991
-2.1733
-1.69008
-1.55725
-1.99833
-1.61211
-1.49189
-1.88589
-1.94567
-1.54581
-2.03952
-1.95604
-2.10165
-2.05288
-1.78422
-2.34071
-1.92189
-1.71991
-2.02922
-1.75107
-2.3009
-2.17607
-1.88107
-1.75716
-1.97268
-2.15992
-1.80861
-1.93199
-1.49017
-1.54321
-1.17092
-2.33795
-1.60388
-2.06581
-1.59662
-2.33447
-1.56699
-1.94998
-1.65687
-2.09897
-1.95267
-1.34339
-1.89699
-2.02779
-1.95391
-2.3415
-1.83228
-1.8445
-1.81271
-1.55358
-2.16163
-2.45965
-1.88361
-2.02372
-1.57208
-2.2498
-2.21518
-2.12339
-2.38347
-2.03414
-2.14749
-1.53345
-2.28466
-2.25112
-1.63945
-1.64709
-1.67182
-1.37633
-1.97101
-1.72971
-2.28092
-1.84039
-2.15391
-2.33346
-2.34331
-1.9376
-1.96847
-2.00832
-2.02602
-2.03941
-1.50543
-1.61025
-2.34724
-2.24909
-1.42934
-1.81115
-2.12188
-1.77182
-1.20962
-2.01451
-1.94613
-2.28821
-2.80864
-1.60698
-1.62326
-1.68542
-1.97368
-1.86843
-1.97448
-1.38877
-1.69085
-1.6294
-2.19744
-1.36716
-2.28794
-2.20227
-1.82789
-1.89087
-2.59406
-1.75823
-1.88163
-2.6059
-1.40906
-1.56419
-2.1729
-2.03423
-2.24647
-1.50818
-1.90249
-1.55023
-2.09778
-1.86562
-1.44812
-1.12593
-2.06637
-1.94031
-2.40301
-1.96825
-1.71759
-1.87722
-1.60124
-2.2386
-1.36399
-1.61463
-1.7438
-1.45612
-1.8554
-1.88878
-2.05237
-1.33202
-1.60391
-1.4998
-1.63954
-2.00517
-1.84771
-1.80258
-2.04325
-1.87726
-1.41375
-1.48483
-1.82746
-1.50098
-2.12739
-2.36205
-1.71543
-1.94576
-1.88619
-2.48084
-1.67327
-1.8366
-1.21882
-1.76772
-2.36759
-1.94473
-1.3685
-2.1322
-2.33666
-1.8518
-1.99622
-1.64184
-1.61629
-1.42449
-1.85885
-2.39047
-2.23249
-1.80801
-2.31477
-2.00684
-1.91522
-1.92758
-1.85488
-1.60594
-2.64002
-1.97152
-2.08643
-1.63834
-2.38778
-1.71358
-1.77111
-1.73656
-1.51728
-1.85568
-1.87849
-1.40396
-2.06758
-2.05987
-1.9408
-1.77536
-2.20036
-2.05673
-1.9938
-2.25064
-1.9163
-1.86838
-1.77813
-1.38372
-1.95538
-2.51587
-2.03284
-1.49313
-2.76065
-2.06332
-1.86488
-1.80849
-2.2733
-1.72506
-2.31288
-2.47534
-2.35871
-2.17865
-2.46634
-2.07898
-2.03389
-1.64136
-1.51352
-2.59339
-1.88774
-1.80107
-2.11012
-2.22267
-1.93591
-1.8736
-2.0106
-2.05242
-1.8166
-2.20007
-2.43876
-1.96894
-1.70142
-1.86904
-2.40036
-2.03964
-1.90564
-2.06055
-2.09741
-1.67469
-1.75746
-1.86509
-1.91492
-2.49426
-1.36022
-2.00152
-2.60325
-2.36693
-1.91912
-1.71999
-1.57847
-2.26898
-1.16927
-1.54723
-1.57788
-1.94015
-1.99477
-1.83283
-2.10639
-1.89077
-2.14694
-2.11624
-1.77499
-2.33668
-1.70121
-2.24583
-2.23412
-1.75157
-1.37921
-2.27122
-1.86926
-1.64476
-1.54494
-1.79369
-1.79206
-1.92799
-1.36668
-1.76964
-2.38165
-1.40022
-2.65996
-1.96669
-1.85585
-1.7187
-2.37146
-2.17599
-1.7836
-1.91996
-2.06258
-1.49995
-2.16836
-1.88813
-1.53928
-2.48569
-2.08018
-2.16989
-1.76244
-1.57928
-1.47431
-1.89603
-1.18004
-1.53758
-1.95124
-1.51136
-1.66646
-1.45608
-2.15086
-1.52858
-1.58264
-2.25139
-1.40412
-1.92567
-1.74793
-2.11959
-1.88872
-2.50423
-1.65601
-2.21039
-2.04887
-1.87979
-1.86221
-1.58887
-2.25194
-1.87714
-1.7573
-2.1996
-1.34644
-2.43649
-1.52712
-2.12344
-2.04187
-2.1565
-1.23305
-1.53195
-2.0112
-2.20117
-1.97069
-2.10357
-2.17685
-1.86645
-1.80991
-1.73017
-1.78445
-2.07255
-1.73751
-2.87398
-2.00144
-2.15649
-1.76372
-2.02665
-2.20922
-2.82125
-2.15872
-2.08337
-1.74412
-2.02818
-1.85172
-1.83922
-2.28719
-2.76843
-1.98621
-1.83326
-1.49349
-1.98762
-2.31573
-2.22717
-2.26689
-1.966
-2.19112
-1.94356
-1.28692
-1.90831
-2.23685
-2.03211
-2.06345
-1.95845
-1.47015
-1.8123
-1.57799
-2.33847
-2.1171
-1.43349
-1.63971
-1.99012
-1.92966
-1.86409
-1.90882
-1.90676
-2.47376
-1.70736
-1.91189
-2.03712
-1.26596
-2.62158
-1.31003
-1.73851
-1.55636
-1.51037
-1.75022
-2.16891
-1.68992
-1.97249
-1.34879
-1.62416
-1.85179
-2.0917
-2.09871
-2.2864
-2.163
-1.97647
-1.27244
-2.01413
-1.77134
-1.77913
-1.7473
-2.44282
-1.55411
-1.9803
-1.99987
-1.59314
-1.95579
-2.0907
-2.02261
-2.04316
-1.99461
-1.65956
-1.72804
-2.06409
-2.40461
-1.49425
-1.8331
-1.62701
-2.37297
-1.53313
-2.16966
-1.98427
-1.45146
-1.59342
-2.4918
-1.72084
-1.76462
-1.54137
-1.67823
-1.78917
-1.54881
-2.2151
-1.80291
-2.37996
-1.13314
-2.16382
-1.90389
-2.09779
-1.7927
-1.99807
-2.19115
-2.28491
-2.21965
-1.74165
-1.69691
-1.46639
-1.78004
-2.15738
-2.1399
-1.98992
-1.9434
-2.24464
-2.34331
-1.53752
-2.24771
-2.28969
-1.64663
-1.29456
-1.9779
-1.33089
-1.94572
-2.0709
-1.52654
-2.42706
-1.24212
-2.16401
-1.97503
-1.40951
-1.55504
-1.79438
-2.48246
-1.83583
-1.39001
-2.07421
-2.3138
-2.02356
-1.9684
-1.89096
-1.7105
-2.4094
-1.62212
-2.55829
-2.33389
-2.11747
-1.71654
-1.34844
-2.4864
-1.88945
-1.64604
-2.07561
-1.99813
-1.91451
-1.26303
-1.77861
-1.80382
-1.77513
-2.17154
-2.46421
-1.57691
-2.33888
-2.06772
-2.17227
-2.31677
-2.11704
-1.68419
-1.06166
-2.04953
-2.21316
-2.23093
-2.12479
-2.28562
-2.47371
-1.99345
-2.13684
-1.92561
-1.7957
-1.651
-1.78186
-2.02561
-1.73314
-2.02761
-2.196
-1.72029
-2.18902
-1.29736
-1.70286
-1.78629
-1.43948
-2.03177
-1.37268
-1.64599
-1.78172
-2.22904
-1.70305
-1.91775
-2.57912
-1.78281
-1.8411
-2.11475
-2.05479
-2.1095
-1.21637
-1.87304
-1.54636
-1.93287
-2.05751
-1.13247
-1.59538
-1.82874
-1.71015
-2.05749
-1.629
-2.01997
-1.87023
-2.11249
-2.4098
-1.76787
-1.66074
-1.96627
-1.75402
-2.16701
-1.45027
-1.5041
-1.89611
-2.20331
-2.30343
-1.65572
-1.76167
-1.41209
-2.07849
-2.25178
-1.89075
-1.01757
-1.47255
-1.78887
-1.5847
-1.99998
-2.27215
-2.06201
-1.54083
-1.68623
-1.92914
-1.61711
-2.11174
-2.27707
-1.93053
-1.39532
-2.00475
-1.74937
-1.63132
-1.88192
-2.29563
-2.16504
-1.97764
-2.1852
-2.08243
-1.67215
-1.86208
-1.31797
-1.22243
-2.26668
-2.03438
-1.92898
-1.56334
-1.88653
-1.90018
-2.3725
-2.04834
-2.13327
-1.5753
-1.64189
-2.14845
-1.47146
-1.69473
-1.98072
-2.20011
-2.50845
-2.0147
-2.05581
-1.53036
-1.54966
-2.26633
-1.89502
-2.21737
-2.05232
-2.19088
-2.05036
-2.07915
-2.18026
-1.99344
-2.39883
-2.46678
-1.87028
-1.70766
-1.57817
-1.98404
-1.76012
-1.6147
-2.01122
-1.27202
-2.46382
-1.62227
-2.21133
-1.15757
-1.64076
-1.5833
-2.01545
-1.55117
-2.50131
-2.10927
-1.29495
-1.69842
-1.56969
-1.3141
-1.84258
-2.32777
-1.47471
-2.18108
-2.19798
-1.15856
-1.92766
-1.86862
-1.98347
-1.43342
-1.69337
-2.23797
-1.4692
-2.34733
-2.06571
-2.071
-0.78427
-1.89919
-2.11901
-2.08429
-2.24517
-1.77283
-1.26672
-2.04603
-1.25998
-2.21537
-2.15993
-1.78378
-2.06695
-1.44802
-1.16295
-2.25414
-1.26873
-2.32591
-1.53062
-2.3827
-1.96697
-1.73022
-2.1588
-1.91089
-2.36524
-1.98531
-1.94322
-1.9633
-1.92018
-1.81949
-2.33629
-1.68326
-2.37124
-2.09533
-2.0558
-1.65029
-2.08621
-2.22245
-2.25955
-1.89216
-1.8819
-2.113
-2.39955
-2.38372
-1.50049
-2.17328
-1.87227
-2.4099
-1.18473
-2.00361
-2.03161
-1.95816
-1.25393
-2.00344
-1.27192
-1.94703
-1.86026
-1.91076
-1.97381
-1.61749
-2.43415
-2.04166
-2.02777
-1.71639
-1.58605
-1.97326
-1.79421
-2.16562
-1.69892
-2.00571
-1.59783
-1.60164
-1.86799
-1.32103
-1.82983
-2.10786
-1.68668
-2.39186
-1.42751
-1.57793
-2.23779
-1.83837
-2.06788
-2.02627
-2.48482
-1.62549
-1.73549
-1.64662
-1.34749
-2.09731
-1.53308
-2.03067
-1.81336
-2.25568
-1.42742
-1.6704
-1.72109
-1.78854
-2.0885
-1.80732
-1.78788
-1.57334
-2.34544
-1.88418
-1.97777
-1.41444
-2.02906
-1.89421
-1.97502
-2.34954
-2.32157
-1.67654
-1.89612
-1.9569
-2.24582
-1.80474
-2.70433
-1.4576
-2.06206
-2.2512
-2.141
-2.12301
-1.39305
-1.67012
-1.93331
-2.10618
-2.05861
-2.29893
-1.36614
-2.23086
-1.73613
-1.52685
-1.42922
-1.90087
-1.58939
-1.80613
-1.70601
-1.21672
-1.01833
-2.13913
-1.846
-1.83111
-1.93308
-1.88996
-1.83836
-2.20867
-1.81469
-1.50242
-1.70981
-1.4755
-2.57995
-1.54966
-2.09842
-2.06953
-1.9482
-1.26884
-1.13151
-1.81629
-2.06791
-2.28703
-1.86886
-1.75651
-2.653
-1.68708
-1.78517
-1.62881
-2.06798
-1.9304
-1.82338
-1.53918
-1.54511
-1.79754
-1.62713
-2.46006
-2.35923
-1.78729
-1.4386
-1.80899
-1.8148
-1.83167
-1.85655
-1.97166
-1.66286
-1.48515
-1.14497
-1.77767
-1.87134
-1.7235
-1.83306
-2.21612
-1.9922
-2.26949
-1.57666
-2.21163
-2.09819
-1.75299
-2.56424
-2.01225
-2.55077
-2.02022
-2.19428
-1.8154
-1.36762
-1.80179
-1.70911
-1.74252
-1.66672
-1.49458
-2.25081
-1.75164
-1.67844
-1.65212
-2.28657
-1.91428
-1.42277
-1.19922
-1.8316
-2.06446
-1.60956
-2.53648
-1.7594
-2.59329
-1.52378
-2.12495
-2.31279
-1.64093
-2.02853
-2.02458
-1.82504
-1.62516
-1.9908
-1.90662
-1.76912
-1.79768
-1.67025
-1.62901
-1.58944
-1.63221
-1.97186
-1.80542
-1.5945
-1.72297
-1.62981
-2.29808
-1.02665
-2.22505
-1.66086
-2.12979
-1.87933
-1.658
-1.41549
-1.35046
-2.0761
-1.8119
-1.57894
-1.98461
-1.79679
-1.501
-1.49877
-1.39396
-1.92503
-2.15107
-2.5403
-2.07271
-1.85523
-1.96681
-2.32875
-1.92568
-2.18855
-1.37743
-2.01473
-1.89402
-1.93807
-1.50022
-2.03282
-2.12162
-1.60276
-1.80845
-2.56878
-2.3656
-1.95048
-1.66334
-1.66783
-1.77165
-1.37668
-2.31212
-1.95944
-1.72044
-1.58577
-1.99115
-1.77579
-2.53476
-1.27065
-1.91938
-2.22343
-2.05903
-1.54565
-1.77917
-1.82594
-2.15808
-1.7729
-1.74841
-1.42422
-1.84895
-1.67872
-1.59802
-1.84569
-1.98059
-1.57614
-2.14928
-2.11997
-1.95382
-1.48888
-1.84633
-1.71074
-2.06691
-1.66481
-2.39326
-2.0579
-1.78364
-1.91863
-1.48903
-1.65711
-1.01824
-2.25884
-2.02862
-1.71264
-1.68468
-1.51414
-1.6204
-2.06491
-1.86092
-2.048
-2.05939
-2.02291
-1.88749
-2.02618
-1.75717
-1.95614
-2.11491
-2.68314
-1.93187
-2.15209
-1.83926
-2.0543
-2.38621
-1.50854
-2.02006
-1.58604
-1.82601
-2.00168
-1.72081
-1.56314
-1.97853
-1.62263
-2.07492
-1.87652
-1.79899
-1.44191
-2.10569
-2.52127
-1.90037
-2.11672
-1.77749
-2.10844
-1.91049
-2.01992
-2.37029
-2.16752
-1.6631
-2.15105
-2.23748
-1.44935
-1.73319
-1.29875
-1.60118
-2.25833
-1.41449
-2.27915
-2.23002
-1.65253
-1.48734
-1.801
-1.29913
-1.69649
-2.35905
-1.76611
-1.67858
-1.48614
-2.10635
-2.7639
-2.01796
-2.4168
-2.00959
-1.97401
-1.28847
-1.75013
-1.68697
-1.92472
-2.19425
-1.64715
-2.4805
-1.65221
-2.45997
-1.93274
-1.8757
-1.60876
-1.72115
-2.38973
-2.24212
-2.17583
-1.80055
-1.95724
-1.5891
-1.93385
-1.90087
-2.01869
-2.18222
-2.08652
-1.5334
-2.41136
-2.11084
-1.99296
-1.7784
-1.90506
-1.901
-2.48166
-1.94612
-1.85799
-2.36812
-1.65655
-1.93903
-1.54002
-1.73697
-2.61582
-1.77122
-1.39466
-2.37857
-1.008
-2.07042
-1.70254
-2.35432
-1.97514
-2.21915
-2.01381
-2.3651
-2.24015
-1.76162
-1.86847
-2.00212
-2.25149
-2.01712
-1.91668
-1.14609
-1.87432
-1.8241
-2.03492
-1.69098
-1.52933
-2.17004
-1.156
-1.50269
-1.65831
-2.17533
-2.67391
-1.38458
-2.21654
-2.03223
-1.77109
-2.16032
-2.02878
-2.01073
-1.76008
-1.85982
-1.85052
-2.00465
-1.55682
-1.53069
-2.09548
-1.21436
-2.04517
-1.88923
-2.4623
-1.56506
-2.12225
-1.60816
-1.52922
-1.447
-1.95052
-1.47843
-2.6775
-1.82091
-2.02423
-1.9252
-1.77105
-2.04993
-1.93034
-1.8229
-1.32837
-1.78894
-2.92339
-2.00573
-2.00276
-2.34401
-2.43426
-2.01784
-2.28893
-2.09948
-1.87972
-1.72836
-1.12403
-1.95531
-1.76514
-2.36821
-2.20306
-2.03042
-1.96257
-2.25016
-2.32583
-1.72913
-2.06993
-1.7152
-1.79127
-1.95234
-2.08359
-1.72197
-1.56251
-1.82624
-1.87202
-1.75619
-2.07512
-1.88738
-1.75438
-1.58125
-1.59606
-2.05769
-1.55883
-1.43959
-1.89871
-1.90791
-1.47925
-1.53848
-2.29322
-1.97896
-2.51494
-2.35215
-1.56246
-2.04134
-1.3862
-1.76913
-1.99796
-1.89694
-2.19304
-1.96183
-2.42066
-1.54543
-2.11151
-1.53564
-1.52446
-1.79254
-2.42969
-1.65185
-2.04902
-2.53332
-1.79234
-1.72485
-1.62839
-1.85428
-1.84498
-2.19127
-2.03583
-1.97719
-1.60034
-2.22029
-2.26017
-1.29711
-2.11348
-2.41112
-1.78767
-2.10413
-1.61351
-1.5311
-1.69956
-1.69299
-2.31456
-1.67565
-1.94078
-1.87344
-2.09833
-1.80443
-1.86701
-1.73068
-1.98707
-2.03989
-1.75999
-1.3025
-2.68871
-2.25315
-2.41793
-1.46645
-2.24662
-1.86146
-1.71912
-2.22747
-1.83135
-2.84733
-2.15038
-2.45451
-2.2038
-2.05242
-1.44365
-2.05306
-2.18677
-2.03316
-1.75456
-2.30015
-1.56098
-2.35486
-1.56167
-1.38152
-1.94276
-1.81498
-1.95827
-1.82904
-1.67102
-1.84158
-2.06107
-1.92706
-2.06076
-1.31597
-1.73879
-1.89908
-1.82228
-2.40714
-1.99953
-1.91003
-1.72295
-2.33866
-1.8125
-2.39061
-2.26616
-2.10871
-1.9308
-1.63552
-1.54129
-2.08098
-1.98416
-2.17299
-1.16818
-1.28222
-2.05851
-2.07137
-1.13873
-2.57949
-1.93094
-1.75722
-1.58376
-2.07829
-1.94721
-1.73979
-1.5857
-1.84944
-2.00376
-1.86258
-1.82669
-2.09853
-1.37497
-2.30946
-1.74267
-1.53798
-1.72805
-1.41374
-2.36006
-1.69508
-2.16182
-1.39889
-2.31092
-2.25641
-1.24995
-2.25286
-1.70887
-1.96763
-1.90586
-1.36719
-2.3031
-1.8754
-2.01747
-2.35184
-2.73451
-2.27772
-1.92007
-1.99765
-1.99681
-1.77513
-1.75518
-1.8591
-2.60202
-1.53548
-2.21789
-1.65934
-2.5466
-1.673
-2.24097
-1.95998
-2.00582
-2.21112
-2.01995
-2.02583
-1.79912
-2.13199
-2.33276
-2.27758
-1.96011
-1.64073
-1.69548
-1.44513
-2.19648
-1.26171
-1.97717
-2.03688
-1.84844
-2.31499
-1.26192
-2.15738
-1.88074
-2.38861
-1.73723
-2.03617
-1.92434
-2.40831
-1.97697
-1.53367
-1.96227
-2.04675
-1.68255
-1.8889
-2.47443
-1.73879
-2.01973
-1.91653
-1.81002
-1.93882
-2.12265
-2.53898
-2.12143
-2.43761
-1.90096
-1.99997
-1.49863
-2.41857
-2.03413
-2.75215
-2.35419
-2.4595
-1.86179
-2.1855
-1.49137
-1.88954
-1.94945
-1.85714
-2.23878
-1.73033
-1.59726
-2.09198
-1.72592
-2.28727
-1.72489
-1.52452
-1.53382
-1.61924
-2.06676
-1.7457
-2.17468
-1.06162
-1.74076
-1.76956
-1.88964
-1.83491
-1.36868
-2.24152
-1.39382
-1.81123
-1.63276
-2.03734
-1.41553
-1.98805
-2.15705
-1.39519
-1.91547
-1.88776
-2.19611
-2.03019
-2.08784
-1.60788
-2.17399
-1.83928
-2.07194
-1.61096
-2.26179
-1.63919
-1.52528
-1.86814
-1.5472
-2.21239
-1.81701
-2.44148
-1.77321
-2.183
-1.55759
-1.50318
-1.75323
-1.27645
-2.27799
-1.80577
-2.04212
-2.08811
